4 Van: 204.936308 181.435763 343.839839 252.376139 2 0 1 1.645581 1.836817 4.084038 -8.705567 1.88469 19.044958 Inside Regular m
4 Van: 970.818865 25.555522 1241.0 374.0 3 2 2 2.586173 2.518738 5.594181 5.114394 1.667681 4.812515 Inside Regular s
4 Car: 392.130474 187.343545 447.069149 221.320263 0 0 4 1.561679 1.734441 4.374246 -9.617051 2.327856 36.640652 Outside Regular m
4 Car: 447.414554 183.507984 479.587306 207.992106 0 0 5 1.599317 1.674936 2.65214 -10.00725 2.342443 49.317565 Outside Regular m
4 Truck: 477.00714 162.310999 515.800908 201.052776 1 0 6 3.433099 2.8112 7.029364 -10.611532 2.542013 67.98725 Outside Regular s
4 Car: 598.337245 180.336517 616.317582 194.271716 0 0 8 1.257322 1.595193 3.559196 -0.284856 1.969557 67.770551 Outside Regular m
6 Van: 0.0 182.941629 235.423528 293.674103 3 0 1 1.645581 1.836817 4.084038 -8.705223 1.843666 12.979151 Inside Regular m
6 Car: 342.810732 188.367003 413.052248 229.671146 0 0 4 1.561679 1.734441 4.374246 -9.7854 2.253885 30.646272 Outside Regular m
6 Car: 419.333712 183.852828 457.476321 211.918542 0 0 5 1.599317 1.674936 2.65214 -10.272869 2.273803 43.227787 Outside Regular m
6 Truck: 457.351531 160.295088 501.888301 203.077084 1 0 6 3.433099 2.8112 7.029364 -11.082473 2.467612 61.896365 Outside Regular s
6 Car: 589.712384 180.382169 607.431559 194.265568 0 0 8 1.257322 1.595193 3.559196 -1.11076 1.976485 68.021851 Outside Regular m
8 Car: 267.098106 189.845817 363.88951 242.495001 1 0 4 1.561679 1.734441 4.374246 -9.953748 2.179914 24.651892 Inside Regular m
8 Car: 381.700964 184.306734 428.369283 217.181222 0 0 5 1.599317 1.674936 2.65214 -10.538488 2.205164 37.138011 Outside Regular m
8 Truck: 436.23785 158.229789 487.810321 205.930961 1 0 6 3.433099 2.8112 7.029364 -11.343794 2.422258 55.874572 Outside Regular s
8 Car: 581.148357 180.427474 598.613805 194.259442 0 0 8 1.257322 1.595193 3.559196 -1.936665 1.983413 68.273152 Outside Regular m
10 Car: 139.423708 191.916084 290.931912 264.517568 1 0 4 1.561679 1.734441 4.374246 -10.00104 2.097708 18.620081 Inside Regular m
10 Car: 334.389589 187.030829 393.083598 227.004825 0 0 5 1.599317 1.674936 2.65214 -10.55258 2.229253 30.972397 Inside Regular m
10 Truck: 409.634372 155.628893 470.558891 209.527454 1 0 6 3.433099 2.8112 7.029364 -11.605114 2.376905 49.852778 Outside Regular s
10 Car: 572.471879 180.472433 589.863561 194.25334 0 0 8 1.257322 1.595193 3.559196 -2.76257 1.99034 68.524453 Outside Regular m
12 Car: 0.0 195.319499 164.403371 308.338265 3 0 4 1.561679 1.734441 4.374246 -9.927275 2.007267 12.550837 Inside Regular m
12 Car: 262.169624 191.034921 341.200533 242.005495 1 0 5 1.599317 1.674936 2.65214 -10.566672 2.253342 24.806783 Inside Regular m
12 Truck: 375.080035 152.253015 448.924673 214.199772 1 0 6 3.433099 2.8112 7.029364 -11.866435 2.331552 43.830986 Outside Regular s
12 Van: 492.864281 173.159988 516.284805 199.448972 3 0 7 2.71663 1.896958 5.77553 -11.350335 2.789591 78.003369 Outside Regular s
12 Car: 564.52853 180.778006 582.486535 194.519916 0 0 8 1.257322 1.595193 3.559196 -3.509519 2.021564 68.737195 Outside Regular m
14 Car: 150.36123 190.969715 266.609066 259.453706 1 0 5 1.599317 1.674936 2.65214 -10.409197 2.100637 18.82138 Inside Regular m
14 Truck: 335.873492 147.866634 424.935866 220.93664 1 0 6 3.433099 2.8112 7.029364 -11.797744 2.297651 37.691392 Outside Regular s
14 Van: 483.645611 172.32865 508.579319 199.619511 3 0 7 2.71663 1.896958 5.77553 -11.828406 2.70497 75.243781 Outside Regular s
14 Car: 557.851343 181.077651 575.831266 194.776191 0 0 8 1.257322 1.595193 3.559196 -4.157707 2.052148 68.959303 Outside Regular m
16 Car: 0.0 190.850327 129.394119 293.434326 3 0 5 1.599317 1.674936 2.65214 -10.251722 1.947932 12.835978 Inside Regular m
16 Truck: 279.411346 141.584866 392.588066 230.645255 1 0 6 3.433099 2.8112 7.029364 -11.729052 2.26375 31.551798 Inside Regular m
16 Van: 476.477639 171.78481 503.120339 200.441215 3 0 7 2.71663 1.896958 5.77553 -11.911139 2.655488 71.795436 Outside Regular s
16 Car: 552.602344 181.353352 569.893772 195.022318 0 0 8 1.257322 1.595193 3.559196 -4.707133 2.082094 69.190776 Outside Regular m
18 Truck: 196.832925 129.763017 355.457179 243.600549 1 0 6 3.433099 2.8112 7.029364 -11.41336 2.166864 25.444516 Inside Regular m
18 Van: 468.554399 171.183735 497.133134 201.349536 3 0 7 2.71663 1.896958 5.77553 -11.993872 2.606006 68.347091 Outside Regular s
18 Car: 549.823012 181.604989 567.000643 195.235401 0 0 8 1.257322 1.595193 3.559196 -4.98985 2.11007 69.451768 Outside Regular m
20 Truck: 50.384922 108.882702 298.530134 266.59932 1 0 6 3.433099 2.8112 7.029364 -11.097667 2.069977 19.337234 Inside Regular m
20 Van: 466.365847 171.61211 496.361667 203.19925 3 0 7 2.71663 1.896958 5.77553 -11.608443 2.649977 65.404566 Outside Regular s
20 Car: 549.953689 181.832644 567.122158 195.415609 0 0 8 1.257322 1.595193 3.559196 -5.005859 2.136076 69.742278 Outside Regular m
22 Truck: 0.0 73.309342 200.225075 301.404002 1 1 6 3.433099 2.8112 7.029364 -10.781974 1.973091 13.229953 Inside Regular m
22 Van: 463.96108 172.08275 495.520768 205.231791 3 0 7 2.71663 1.896958 5.77553 -11.223015 2.693948 62.462041 Outside Regular s
22 Car: 549.92911 182.05844 567.242315 195.594286 0 0 8 1.257322 1.595193 3.559196 -5.021867 2.162082 70.032788 Outside Regular m
24 Van: 461.435613 173.651997 494.718055 208.527714 3 0 7 2.71663 1.896958 5.77553 -10.827347 2.820418 59.519041 Outside Regular s
24 Car: 552.308261 184.882307 569.669383 198.516624 0 0 8 1.257322 1.595193 3.559196 -4.807099 2.448018 70.306912 Outside Regular s
26 Van: 459.558099 173.466842 494.738893 210.334848 3 0 7 2.71663 1.896958 5.77553 -10.338761 2.803269 56.460069 Outside Regular s
26 Car: 555.541489 186.428667 572.99014 200.090041 0 0 8 1.257322 1.595193 3.559196 -4.505638 2.608014 70.590292 Outside Regular m
28 Van: 457.453163 173.259295 494.761995 212.361001 3 0 7 2.71663 1.896958 5.77553 -9.850174 2.78612 53.401097 Outside Regular s
28 Car: 559.491928 185.807381 576.722394 199.381466 0 0 8 1.257322 1.595193 3.559196 -4.145779 2.550814 70.871484 Outside Regular s
30 Van: 453.912973 171.632711 493.799181 213.309574 3 0 7 2.71663 1.896958 5.77553 -9.424262 2.677368 50.277868 Outside Regular s
30 Car: 563.212468 184.289176 579.955807 197.733304 0 0 8 1.257322 1.595193 3.559196 -3.814216 2.402359 71.141232 Outside Regular m
32 Van: 448.617817 168.279709 491.662049 212.956116 3 0 7 2.71663 1.896958 5.77553 -9.061024 2.477013 47.090381 Outside Regular s
32 Car: 566.486425 182.781685 583.162751 196.098337 0 0 8 1.257322 1.595193 3.559196 -3.482652 2.253904 71.410979 Outside Regular m
34 Van: 442.499527 164.406478 489.233989 212.547675 3 0 7 2.71663 1.896958 5.77553 -8.697786 2.276659 43.902895 Outside Regular s
34 Car: 569.736818 181.284756 586.6018 194.47645 0 0 8 1.257322 1.595193 3.559196 -3.151088 2.105449 71.680726 Outside Regular m
36 Van: 433.526798 162.476479 484.975776 214.701456 3 0 7 2.71663 1.896958 5.77553 -8.42257 2.2129 40.69423 Outside Regular s
36 Car: 572.943396 181.387679 590.233032 194.538552 0 0 8 1.257322 1.595193 3.559196 -2.821403 2.119427 71.948085 Outside Regular m
38 Van: 420.889228 163.026072 478.444149 220.135083 3 0 7 2.71663 1.896958 5.77553 -8.235375 2.285737 37.464389 Outside Regular s
38 Car: 574.661314 184.566501 592.076173 197.838036 0 0 8 1.257322 1.595193 3.559196 -2.65195 2.448109 72.173885 Outside Regular s
40 Van: 405.648553 163.688745 470.776444 226.688988 3 0 7 2.71663 1.896958 5.77553 -8.048181 2.358574 34.234548 Outside Regular s
40 Car: 576.333229 186.483469 593.508532 199.815874 0 0 8 1.257322 1.595193 3.559196 -2.503429 2.648178 72.364055 Outside Regular s
42 Van: 386.908119 164.503396 461.648044 234.749447 3 0 7 2.71663 1.896958 5.77553 -7.860986 2.431411 31.004707 Inside Regular m
42 Car: 578.464225 190.0275 595.379236 203.503388 0 0 8 1.257322 1.595193 3.559196 -2.308935 3.016897 72.552472 Outside Regular s
44 Van: 359.71442 161.05687 447.863283 240.612752 3 0 7 2.71663 1.896958 5.77553 -7.776242 2.350606 27.71296 Inside Regular s
44 Car: 580.736174 188.786641 597.383805 202.162952 0 0 8 1.257322 1.595193 3.559196 -2.099704 2.893277 72.74626 Outside Regular s
46 Van: 324.211664 156.559118 430.757544 248.269975 3 0 7 2.71663 1.896958 5.77553 -7.691498 2.2698 24.421212 Inside Regular s
46 Car: 582.996016 187.552308 599.377747 200.829711 0 0 8 1.257322 1.595193 3.559196 -1.890474 2.769656 72.940047 Outside Regular m
48 Van: 275.90482 150.442647 408.966383 258.693102 3 0 7 2.71663 1.896958 5.77553 -7.606754 2.188994 21.129465 Inside Regular s
48 Car: 585.695032 186.886596 601.963482 200.098904 0 0 8 1.257322 1.595193 3.559196 -1.635763 2.703918 73.107867 Outside Regular s
50 Van: 206.343217 141.641846 380.259281 273.711095 3 0 7 2.71663 1.896958 5.77553 -7.522009 2.108188 17.837717 Inside Regular s
50 Car: 588.833115 186.78494 605.068771 199.965555 0 0 8 1.257322 1.595193 3.559196 -1.335573 2.696061 73.249718 Outside Regular m
52 Van: 97.542249 127.892851 340.72291 297.221364 3 0 7 2.71663 1.896958 5.77553 -7.437265 2.027382 14.545969 Inside Regular s
52 Car: 591.02316 184.191486 607.225596 197.214824 0 0 8 1.257322 1.595193 3.559196 -1.128293 2.428462 73.39244 Outside Regular s
54 Van: 0.0 103.3906 282.805146 337.754807 3 0 7 2.71663 1.896958 5.77553 -7.352521 1.946576 11.254222 Inside Regular s
54 Car: 590.706608 180.172743 606.877343 192.988732 0 0 8 1.257322 1.595193 3.559196 -1.169326 2.012993 73.531025 Outside Regular m
56 Van: 0.0 88.63331 189.804828 353.323995 3 1 7 2.71663 1.896958 5.77553 -7.267777 1.86577 7.962475 Inside Regular s
56 Car: 589.963978 181.036664 606.166664 193.851131 0 0 8 1.257322 1.595193 3.559196 -1.246577 2.102579 73.662654 Outside Regular m
58 Car: 588.995948 186.469777 605.081168 199.452585 0 0 8 1.257322 1.595193 3.559196 -1.36133 2.681876 74.243312 Outside Regular m
60 Car: 589.640955 185.30645 605.768709 198.240124 0 0 8 1.257322 1.595193 3.559196 -1.291989 2.558372 74.192963 Outside Regular m
62 Car: 590.286817 184.141581 606.457206 197.025976 0 0 8 1.257322 1.595193 3.559196 -1.222649 2.434869 74.142615 Outside Regular s
64 Car: 590.933536 182.975166 607.146662 195.810137 0 0 8 1.257322 1.595193 3.559196 -1.153308 2.311366 74.092266 Outside Regular s
66 Car: 591.813236 184.592464 608.08105 197.51784 0 0 8 1.257322 1.595193 3.559196 -1.059519 2.480659 74.03951 Outside Regular s
68 Car: 591.427749 181.914484 607.688471 194.714892 0 0 8 1.257322 1.595193 3.559196 -1.098715 2.198459 73.987553 Outside Regular s
70 Car: 590.525127 181.0204 606.754345 193.785817 0 0 8 1.257322 1.595193 3.559196 -1.192018 2.103894 73.931919 Outside Regular s
72 Car: 589.104099 181.914015 605.277277 194.734814 0 0 8 1.257322 1.595193 3.559196 -1.339427 2.196966 73.872609 Outside Regular m
74 Car: 588.726188 181.332989 604.900214 194.139902 0 0 8 1.257322 1.595193 3.559196 -1.376561 2.135003 73.786547 Outside Regular m
76 Car: 588.347416 180.750639 604.522249 193.543566 0 0 8 1.257322 1.595193 3.559196 -1.413694 2.073041 73.700485 Outside Regular s
78 Car: 587.967778 180.144095 604.143379 192.9458 0 0 8 1.257322 1.595193 3.559196 -1.450828 2.011078 73.614423 Outside Regular s
80 Car: 587.587273 179.530066 603.7636 192.346601 0 0 8 1.257322 1.595193 3.559196 -1.487962 1.949115 73.528361 Outside Regular s
80 Car: 515.471534 180.090304 537.559646 196.504602 0 0 9 1.505638 1.510311 4.154455 -7.956162 2.205667 68.939128 Outside Regular s
82 Car: 587.191529 178.914564 603.38291 191.745961 0 0 8 1.257322 1.595193 3.559196 -1.525095 1.887152 73.442299 Outside Regular m
82 Car: 504.589465 179.702044 529.897961 198.119115 0 0 9 1.505638 1.510311 4.154455 -7.907076 2.100662 61.666104 Outside Regular m
84 Car: 586.135205 179.859167 602.3369 192.699144 0 0 8 1.257322 1.595193 3.559196 -1.628591 1.980603 73.39899 Outside Regular m
84 Car: 490.180163 179.942868 519.767359 200.898071 0 0 9 1.505638 1.510311 4.154455 -7.903201 2.049609 54.445363 Outside Regular m
86 Car: 585.077602 180.796585 601.289626 193.653481 0 0 8 1.257322 1.595193 3.559196 -1.732088 2.074054 73.355681 Outside Regular m
86 Car: 471.585262 181.676575 506.499647 206.046365 0 0 9 1.505638 1.510311 4.154455 -7.913248 2.097122 47.353109 Outside Regular m
86 Car: 511.299094 179.277034 533.512804 195.043149 0 0 10 1.485437 1.707007 3.943881 -8.57212 2.128016 70.777889 Outside Regular s
88 Car: 583.860486 180.51842 600.08274 193.374372 0 0 8 1.257322 1.595193 3.559196 -1.851299 2.045167 73.31321 Outside Regular m
88 Car: 445.770932 182.937497 488.701245 211.910045 0 0 9 1.505638 1.510311 4.154455 -7.949257 2.085384 40.337061 Outside Regular m
88 Car: 500.160109 178.533948 526.027682 196.192599 0 0 10 1.485437 1.707007 3.943881 -8.493853 1.998798 63.395029 Outside Regular m
90 Car: 582.483613 178.997507 598.716 191.859627 0 0 8 1.257322 1.595193 3.559196 -1.986226 1.893941 73.271576 Outside Regular m
90 Car: 407.227064 181.489509 463.867982 216.832518 0 0 9 1.505638 1.510311 4.154455 -7.997305 1.915829 33.268734 Outside Regular m
90 Car: 487.231206 177.609119 514.613761 197.738093 0 0 10 1.485437 1.707007 3.943881 -8.430222 1.871581 55.888198 Outside Regular m
92 Car: 581.378181 178.240728 597.809497 191.119684 0 0 8 1.257322 1.595193 3.559196 -2.098332 1.818446 73.180267 Outside Regular m
92 Car: 347.311031 183.35644 427.587515 229.367009 0 0 9 1.505638 1.510311 4.154455 -8.005897 1.904516 26.197865 Inside Regular m
92 Car: 468.028273 179.54054 502.249045 202.844094 0 0 10 1.485437 1.707007 3.943881 -8.376845 1.947497 48.539868 Outside Regular m
94 Car: 581.24254 178.062875 598.088045 190.979097 0 0 8 1.257322 1.595193 3.559196 -2.085878 1.79953 72.977127 Outside Regular m
94 Car: 237.897189 186.470516 367.050646 252.266551 0 0 9 1.505638 1.510311 4.154455 -8.014489 1.893204 19.126997 Inside Regular m
94 Car: 442.83979 178.522043 486.506342 206.292762 0 0 10 1.485437 1.707007 3.943881 -8.234736 1.822416 41.036689 Outside Regular m
96 Car: 582.350865 177.696341 599.099569 190.660023 0 0 8 1.257322 1.595193 3.559196 -1.971682 1.76146 72.711834 Outside Regular m
96 Car: 0.0 190.989812 243.069083 303.49238 3 0 9 1.505638 1.510311 4.154455 -8.034811 1.851899 12.232347 Inside Regular m
96 Car: 406.912189 182.369186 462.109402 215.677967 0 0 10 1.485437 1.707007 3.943881 -8.415193 1.958758 34.77221 Outside Regular m
98 Car: 583.467241 177.327008 600.118521 190.338578 0 0 8 1.257322 1.595193 3.559196 -1.857487 1.72339 72.446541 Outside Regular m
98 Car: 351.702858 183.846337 429.93316 228.020427 0 0 10 1.485437 1.707007 3.943881 -8.08436 1.913183 26.836288 Inside Regular m
100 Car: 584.591753 176.954845 601.144988 190.014738 0 0 8 1.257322 1.595193 3.559196 -1.743291 1.685321 72.181248 Outside Regular m
100 Car: 250.000693 186.065435 372.681524 248.441642 0 0 10 1.485437 1.707007 3.943881 -8.039636 1.871572 19.719091 Inside Regular m
102 Car: 585.634659 176.579819 602.179058 189.688476 0 0 8 1.257322 1.595193 3.559196 -1.629096 1.647251 71.915955 Outside Regular m
102 Car: 12.466847 190.45089 259.478883 296.177024 3 0 10 1.485437 1.707007 3.943881 -7.994913 1.829961 12.601893 Inside Regular m
102 Car: 497.718445 177.271884 525.27848 197.602513 2 0 11 1.564769 1.734758 4.210928 -7.935618 1.940729 58.297782 Outside Regular s
104 Car: 585.623646 176.582976 602.270731 189.77305 0 0 8 1.257322 1.595193 3.559196 -1.615809 1.645322 71.483174 Outside Regular s
104 Car: 484.409405 177.688737 516.58836 200.760664 0 0 11 1.564769 1.734758 4.210928 -7.808844 1.928437 51.622669 Outside Regular m
106 Car: 585.612495 176.586172 602.363549 189.858681 0 0 8 1.257322 1.595193 3.559196 -1.602523 1.643392 71.050393 Outside Regular m
106 Car: 465.687348 178.260669 503.436824 204.934811 0 0 11 1.564769 1.734758 4.210928 -7.784251 1.917901 44.946051 Outside Regular m
108 Car: 584.89649 176.602 601.784756 189.983023 0 0 8 1.257322 1.595193 3.559196 -1.652062 1.641996 70.48888 Outside Regular m
108 Car: 439.101879 178.778905 485.799966 210.421489 0 0 11 1.564769 1.734758 4.210928 -7.778531 1.893558 38.225568 Outside Regular m
110 Car: 583.454107 176.630861 600.51444 190.14774 0 0 8 1.257322 1.595193 3.559196 -1.764426 1.641133 69.798633 Outside Regular m
110 Car: 399.149917 179.209379 460.906884 218.143515 0 0 11 1.564769 1.734758 4.210928 -7.791686 1.855408 31.46122 Outside Regular m
112 Car: 582.966398 174.750602 600.169605 188.378826 0 0 8 1.257322 1.595193 3.559196 -1.789606 1.462291 69.234511 Outside Regular m
112 Car: 335.299256 179.897503 423.445023 230.488358 0 0 11 1.564769 1.734758 4.210928 -7.804841 1.817258 24.696873 Inside Regular m
112 Car: 501.63485 175.636088 526.876837 194.697228 0 0 12 1.480859 1.642934 3.593157 -7.750324 1.72759 58.51243 Outside Regular m
114 Car: 582.014077 175.508585 599.309411 189.210144 0 0 8 1.257322 1.595193 3.559196 -1.864979 1.531881 68.877016 Outside Regular m
114 Car: 216.95311 181.029352 360.682016 253.380598 0 0 11 1.564769 1.734758 4.210928 -7.817995 1.779108 17.932526 Inside Regular m
114 Car: 489.424247 175.193005 518.643094 196.71327 0 0 12 1.480859 1.642934 3.593157 -7.626618 1.671695 52.031315 Outside Regular m
116 Car: 581.051551 176.274682 598.440006 190.050371 0 0 8 1.257322 1.595193 3.559196 -1.940351 1.601471 68.51952 Outside Regular m
116 Car: 0.0 183.022298 237.481222 308.317501 3 0 11 1.564769 1.734758 4.210928 -7.800667 1.740446 11.253281 Inside Regular m
116 Car: 473.400893 176.834708 508.467171 201.56256 1 0 12 1.480859 1.642934 3.593157 -7.49287 1.74995 45.514032 Outside Regular m
118 Car: 580.719033 176.67654 598.268036 190.579749 0 0 8 1.257322 1.595193 3.559196 -1.946717 1.635433 67.909366 Outside Regular m
118 Car: 450.994154 179.292869 494.893518 208.499867 0 0 12 1.480859 1.642934 3.593157 -7.346071 1.838742 38.799548 Outside Regular m
120 Car: 581.03033 176.708614 598.811056 190.795708 0 0 8 1.257322 1.595193 3.559196 -1.884074 1.633765 67.046553 Outside Regular m
120 Car: 422.319165 180.02396 475.033402 214.752282 0 0 12 1.480859 1.642934 3.593157 -7.331827 1.818381 32.933464 Outside Regular m
122 Car: 581.349969 176.741546 599.368619 191.017455 0 0 8 1.257322 1.595193 3.559196 -1.821432 1.632097 66.183741 Outside Regular m
122 Car: 375.024061 181.253938 446.808189 225.383421 0 0 12 1.480859 1.642934 3.593157 -7.223246 1.798865 26.361893 Outside Regular m
124 Car: 581.852501 176.096995 600.064215 190.52558 0 0 8 1.257322 1.595193 3.559196 -1.750315 1.571453 65.4997 Outside Regular m
124 Car: 292.060501 183.14472 399.956383 243.712989 0 0 12 1.480859 1.642934 3.593157 -7.156395 1.7793 19.805814 Inside Regular m
126 Car: 582.36594 175.438465 600.774901 190.023026 0 0 8 1.257322 1.595193 3.559196 -1.679197 1.510809 64.815659 Outside Regular m
126 Car: 112.676627 186.668196 310.313391 282.868877 0 0 12 1.480859 1.642934 3.593157 -7.131272 1.759685 13.265226 Inside Regular m
128 Car: 582.620244 174.709126 601.28772 189.498046 0 0 8 1.257322 1.595193 3.559196 -1.624358 1.444803 63.941831 Outside Regular m
128 Car: 0.0 194.679048 112.856102 345.948508 3 1 12 1.480859 1.642934 3.593157 -6.980607 1.739516 7.064094 Inside Regular s
128 Car: 560.013603 174.385194 576.40651 187.708132 0 0 13 1.373648 1.632677 3.574279 -4.451435 1.561362 77.106408 Outside Regular m
130 Car: 582.606663 173.899151 601.598964 188.944783 0 0 8 1.257322 1.595193 3.559196 -1.585797 1.373435 62.878214 Outside Regular m
130 Car: 559.83732 172.976162 576.518411 186.536636 0 0 13 1.373648 1.632677 3.574279 -4.378507 1.413972 75.781097 Outside Regular m
132 Car: 582.5926 173.060496 601.921232 188.37191 0 0 8 1.257322 1.595193 3.559196 -1.547236 1.302067 61.814598 Outside Regular m
132 Car: 559.940737 172.235686 576.9068 186.042914 0 0 13 1.373648 1.632677 3.574279 -4.276766 1.33913 74.455821 Outside Regular m
134 Car: 583.683604 172.828424 603.334775 188.395834 0 0 8 1.257322 1.595193 3.559196 -1.421047 1.282779 60.82678 Outside Regular m
134 Car: 560.345503 171.158568 577.626449 185.250847 0 0 13 1.373648 1.632677 3.574279 -4.135457 1.234052 72.981679 Outside Regular m
136 Car: 584.811737 172.588461 604.796394 188.420572 0 0 8 1.257322 1.595193 3.559196 -1.294857 1.263492 59.838963 Outside Regular m
136 Car: 560.927586 170.79766 578.527445 185.187743 0 0 13 1.373648 1.632677 3.574279 -3.978645 1.202622 71.507184 Outside Regular m
138 Car: 586.419825 174.539631 606.844162 190.723297 0 0 8 1.257322 1.595193 3.559196 -1.125285 1.417678 58.585681 Outside Regular m
138 Car: 561.703494 172.878198 579.655707 187.607112 0 0 13 1.373648 1.632677 3.574279 -3.797899 1.403724 69.912326 Outside Regular m
140 Car: 586.667886 173.349599 607.93621 189.947237 0 0 8 1.257322 1.595193 3.559196 -0.998338 1.322566 57.161825 Outside Regular m
140 Car: 562.893523 173.021787 581.173751 188.087436 0 0 13 1.373648 1.632677 3.574279 -3.587135 1.416935 68.390668 Outside Regular m
142 Car: 585.689329 170.516313 607.189364 187.549635 0 0 8 1.257322 1.595193 3.559196 -1.041991 1.109712 55.742981 Outside Regular m
142 Car: 560.664104 169.10117 579.467685 184.516676 0 0 13 1.373648 1.632677 3.574279 -3.689464 1.062748 66.86411 Outside Regular m
144 Car: 583.524927 169.944808 605.607583 187.43671 0 0 8 1.257322 1.595193 3.559196 -1.199339 1.072858 54.322349 Outside Regular m
144 Car: 557.934522 168.975174 577.324338 184.77151 0 0 13 1.373648 1.632677 3.574279 -3.823376 1.059812 65.295172 Outside Regular m
146 Car: 581.37974 173.486873 604.080233 191.471752 0 0 8 1.257322 1.595193 3.559196 -1.299782 1.329744 52.894915 Outside Regular m
146 Car: 554.661133 172.931903 574.708124 189.143464 0 0 13 1.373648 1.632677 3.574279 -3.988871 1.408125 63.683855 Outside Regular m
148 Car: 579.567063 175.104853 602.897157 193.590023 0 0 8 1.257322 1.595193 3.559196 -1.370921 1.440161 51.517504 Outside Regular m
148 Car: 552.681722 172.476126 573.343567 189.118573 0 0 13 1.373648 1.632677 3.574279 -4.032242 1.36984 62.080146 Outside Regular m
150 Car: 578.120902 174.629641 602.09139 193.621271 0 0 8 1.257322 1.595193 3.559196 -1.412758 1.404109 50.190117 Outside Regular m
150 Car: 550.594125 171.995458 571.908746 189.092322 0 0 13 1.373648 1.632677 3.574279 -4.075612 1.331556 60.476437 Outside Regular m
152 Car: 576.593187 174.127657 601.240218 193.654281 0 0 8 1.257322 1.595193 3.559196 -1.454595 1.368058 48.86273 Outside Regular m
152 Car: 548.389223 171.487803 570.39809 189.064595 0 0 13 1.373648 1.632677 3.574279 -4.118983 1.293271 58.872728 Outside Regular m
154 Car: 576.345633 172.020733 601.705371 192.109591 0 0 8 1.257322 1.595193 3.559196 -1.409816 1.231981 47.539069 Outside Regular m
154 Car: 546.6334 170.339099 569.337135 188.414675 0 0 13 1.373648 1.632677 3.574279 -4.120218 1.207826 57.294175 Outside Regular m
156 Car: 576.083327 169.788403 602.198218 190.472832 0 0 8 1.257322 1.595193 3.559196 -1.365037 1.095904 46.215408 Outside Regular m
156 Car: 545.368533 168.494729 568.764277 187.088839 0 0 13 1.373648 1.632677 3.574279 -4.079317 1.075221 55.740778 Outside Regular m
158 Car: 576.157583 176.670324 603.077001 198.002669 0 0 8 1.257322 1.595193 3.559196 -1.298944 1.513091 44.886438 Outside Regular m
158 Car: 545.135478 174.433987 569.122633 193.524649 0 0 13 1.373648 1.632677 3.574279 -3.973173 1.516642 54.356814 Outside Regular m
158 Van: 594.170662 164.130387 609.394084 184.954078 2 0 21 2.257515 1.636975 5.201397 -0.898137 1.340407 81.401115 Outside Regular s
160 Car: 577.099025 178.350395 604.772499 200.284116 0 0 8 1.257322 1.595193 3.559196 -1.189778 1.604597 43.709864 Outside Regular m
160 Car: 544.169002 172.793437 569.09056 192.434234 0 0 13 1.373648 1.632677 3.574279 -3.9013 1.3971 52.879243 Outside Regular m
160 Van: 594.926339 166.530683 610.670334 187.960795 2 0 21 2.257515 1.636975 5.201397 -0.761733 1.622108 79.174578 Outside Regular s
162 Car: 577.206067 168.18334 605.669643 190.728626 0 0 8 1.257322 1.595193 3.559196 -1.131328 1.020723 42.545033 Outside Regular m
162 Car: 543.893185 164.001496 569.750578 184.216492 0 0 13 1.373648 1.632677 3.574279 -3.778599 0.792144 51.408172 Outside Regular m
162 Van: 596.381234 153.566062 613.030144 175.839151 2 0 21 2.257515 1.636975 5.201397 -0.538397 0.295552 77.314396 Outside Regular s
164 Car: 577.561966 168.439871 606.861943 191.649125 0 0 8 1.257322 1.595193 3.559196 -1.059564 1.042358 41.3801 Outside Regular m
164 Car: 543.500686 167.241855 570.359369 188.082082 0 0 13 1.373648 1.632677 3.574279 -3.661757 1.026631 49.928052 Outside Regular m
164 Van: 597.712778 156.944605 614.20861 179.446581 2 0 21 2.257515 1.636975 5.201397 -0.396172 0.680457 75.727657 Outside Regular s
166 Car: 578.447693 173.969657 608.635961 197.893034 0 0 8 1.257322 1.595193 3.559196 -0.960637 1.344364 40.212975 Outside Regular m
166 Car: 542.63712 172.272025 570.086676 193.653775 0 0 13 1.373648 1.632677 3.574279 -3.611103 1.363441 48.718114 Outside Regular m
166 Van: 599.104269 160.472395 615.84988 183.408075 2 0 21 2.257515 1.636975 5.201397 -0.253948 1.065363 74.140918 Outside Regular s
168 Car: 579.346422 173.996706 610.309082 198.534825 0 0 8 1.257322 1.595193 3.559196 -0.870717 1.344271 39.250402 Outside Regular m
168 Car: 541.940334 170.598169 569.994773 192.542082 0 0 13 1.373648 1.632677 3.574279 -3.547445 1.258281 47.513081 Outside Regular m
168 Van: 600.947229 159.429857 618.129365 182.962211 2 0 21 2.257515 1.636975 5.201397 -0.049487 0.995726 72.325868 Outside Regular s
170 Car: 579.989125 179.591191 611.59645 204.649114 0 0 8 1.257322 1.595193 3.559196 -0.802502 1.627941 38.485678 Outside Regular m
170 Car: 541.357312 177.56861 570.194803 200.057027 0 0 13 1.373648 1.632677 3.574279 -3.477555 1.693153 46.418898 Outside Regular m
170 Van: 601.567081 165.47717 619.309463 189.593934 2 0 21 2.257515 1.636975 5.201397 0.069815 1.597338 70.644714 Outside Regular s
172 Car: 580.655577 181.566552 612.981185 207.293308 0 0 8 1.257322 1.595193 3.559196 -0.732409 1.723454 37.669577 Outside Regular m
172 Car: 540.578536 180.255585 570.24842 203.309568 0 0 13 1.373648 1.632677 3.574279 -3.417985 1.848243 45.327526 Outside Regular m
172 Van: 603.581118 169.16124 621.596561 193.837006 2 0 21 2.257515 1.636975 5.201397 0.231827 1.952955 69.10407 Outside Regular s
174 Car: 581.350371 179.975157 614.476191 206.236798 0 0 8 1.257322 1.595193 3.559196 -0.660438 1.630808 36.802098 Outside Regular m
174 Car: 539.734239 179.369388 570.271698 203.006897 0 0 13 1.373648 1.632677 3.574279 -3.361266 1.784966 44.250048 Outside Regular m
174 Van: 605.118157 164.426795 623.553018 189.674563 2 0 21 2.257515 1.636975 5.201397 0.382853 1.534062 67.592948 Outside Regular s
176 Car: 582.154338 179.215907 616.121425 206.143004 0 0 8 1.257322 1.595193 3.559196 -0.584953 1.586231 35.934185 Outside Regular m
176 Car: 538.995202 179.505313 570.425519 203.751112 0 0 13 1.373648 1.632677 3.574279 -3.297077 1.783105 43.183652 Outside Regular m
176 Van: 606.267635 165.313783 625.091497 191.094047 2 0 21 2.257515 1.636975 5.201397 0.492554 1.62801 66.251261 Outside Regular s
178 Car: 583.076034 179.458076 617.928717 207.087129 0 0 8 1.257322 1.595193 3.559196 -0.505956 1.589723 35.065837 Outside Regular m
178 Car: 538.217218 179.648434 570.586764 204.534625 0 0 13 1.373648 1.632677 3.574279 -3.232889 1.781244 42.117257 Outside Regular m
178 Van: 607.466595 166.238953 626.696227 192.57466 2 0 21 2.257515 1.636975 5.201397 0.602256 1.721959 64.909574 Outside Regular s
180 Car: 584.047091 179.713233 619.832886 208.081756 0 0 8 1.257322 1.595193 3.559196 -0.426958 1.593215 34.197489 Outside Regular m
180 Car: 537.39712 179.799338 570.755988 205.360634 0 0 13 1.373648 1.632677 3.574279 -3.168701 1.779383 41.050861 Outside Regular m
180 Van: 608.098662 166.889779 627.75303 193.807655 2 0 21 2.257515 1.636975 5.201397 0.723163 1.789011 63.56162 Outside Regular s
182 Car: 585.071577 179.982449 621.841943 209.131048 0 0 8 1.257322 1.595193 3.559196 -0.347961 1.596707 33.329142 Outside Regular m
182 Car: 536.531388 179.958676 570.933803 206.23269 0 0 13 1.373648 1.632677 3.574279 -3.104513 1.777522 39.984466 Outside Regular m
182 Van: 608.849433 167.220954 629.201599 194.699749 2 0 21 2.257515 1.636975 5.201397 0.805942 1.826623 62.315708 Outside Regular s
184 Car: 585.443812 180.483572 623.28166 210.483021 0 0 8 1.257322 1.595193 3.559196 -0.307128 1.609266 32.437508 Outside Regular m
184 Car: 535.017435 180.338042 570.48758 207.257201 0 0 13 1.373648 1.632677 3.574279 -3.085356 1.788052 39.067201 Outside Regular m
184 Van: 609.719145 167.209775 630.17812 195.225595 2 0 21 2.257515 1.636975 5.201397 0.850594 1.834793 61.17184 Outside Regular s
186 Car: 585.106874 181.170095 624.102875 212.168586 0 0 8 1.257322 1.595193 3.559196 -0.304459 1.630893 31.522589 Outside Regular m
186 Car: 532.825273 180.899046 569.37925 208.43302 0 0 13 1.373648 1.632677 3.574279 -3.11123 1.810973 38.299069 Outside Regular m
186 Van: 610.624976 167.198232 631.492658 195.772466 2 0 21 2.257515 1.636975 5.201397 0.895246 1.842963 60.027972 Outside Regular s
188 Car: 584.343833 181.628178 624.409937 213.537819 0 0 8 1.257322 1.595193 3.559196 -0.315078 1.642295 30.725463 Inside Regular m
188 Car: 530.539519 181.47551 568.227264 209.659165 0 0 13 1.373648 1.632677 3.574279 -3.137104 1.833893 37.530936 Outside Regular m
188 Car: 455.330673 178.175419 479.422697 197.216431 2 0 20 1.541984 1.657614 3.808316 -12.050625 2.008937 61.047589 Outside Regular s
188 Van: 611.413476 167.186302 632.859001 196.341646 2 0 21 2.257515 1.636975 5.201397 0.939898 1.851133 58.884104 Outside Regular s
190 Car: 583.127302 181.841901 624.156899 214.54638 0 0 8 1.257322 1.595193 3.559196 -0.338982 1.643473 30.046131 Inside Regular m
190 Car: 527.47597 181.049938 566.389714 209.789897 0 0 13 1.373648 1.632677 3.574279 -3.198528 1.802296 36.78618 Outside Regular m
190 Car: 441.976494 176.75243 469.130071 197.469631 2 0 20 1.541984 1.657614 3.808316 -12.023904 1.866113 56.254204 Outside Regular m
190 Van: 610.191377 166.107163 631.910611 195.791185 2 0 21 2.257515 1.636975 5.201397 0.834835 1.776297 57.880781 Outside Regular s
192 Car: 581.850841 182.064936 623.891412 215.60465 0 0 8 1.257322 1.595193 3.559196 -0.362887 1.64465 29.3668 Inside Regular m
192 Car: 524.28006 180.607551 564.479318 209.92627 0 0 13 1.373648 1.632677 3.574279 -3.259953 1.7707 36.041424 Outside Regular m
192 Car: 425.456055 176.89755 456.454228 199.623976 1 0 20 1.541984 1.657614 3.808316 -12.035723 1.850121 51.455475 Outside Regular m
192 Van: 608.851381 164.988146 630.927161 195.220374 2 0 21 2.257515 1.636975 5.201397 0.729772 1.701461 56.877459 Outside Regular s
194 Car: 580.509909 182.297903 623.612533 216.716396 0 0 8 1.257322 1.595193 3.559196 -0.386792 1.645828 28.687468 Inside Regular m
194 Car: 521.165611 180.472272 562.776992 210.364309 0 0 13 1.373648 1.632677 3.574279 -3.315653 1.756609 35.368396 Outside Regular m
194 Car: 404.686098 177.903378 441.019059 203.131369 1 0 20 1.541984 1.657614 3.808316 -12.050969 1.884881 46.551882 Outside Regular m
194 Van: 607.368931 164.907701 629.78996 195.613607 2 0 21 2.257515 1.636975 5.201397 0.620744 1.704629 56.040064 Outside Regular s
196 Car: 579.099496 182.541483 623.319224 217.885777 0 0 8 1.257322 1.595193 3.559196 -0.410696 1.647006 28.008136 Inside Regular m
196 Car: 518.159502 180.661973 561.303205 211.11931 0 0 13 1.373648 1.632677 3.574279 -3.365629 1.760026 34.767094 Outside Regular m
196 Car: 378.668456 177.793344 422.433543 206.204335 0 0 20 1.541984 1.657614 3.808316 -12.031102 1.843563 41.548768 Outside Regular m
196 Van: 605.78193 164.500677 628.487068 195.596471 2 0 21 2.257515 1.636975 5.201397 0.506657 1.68223 55.369681 Outside Regular s
198 Car: 577.614056 182.796417 623.010334 219.117395 0 0 8 1.257322 1.595193 3.559196 -0.434601 1.648183 27.328805 Inside Regular m
198 Car: 515.044928 180.858111 559.778113 211.901859 0 0 13 1.373648 1.632677 3.574279 -3.415606 1.763442 34.165792 Outside Regular m
198 Car: 345.152546 177.651579 399.001632 210.163731 1 0 20 1.541984 1.657614 3.808316 -12.011236 1.802245 36.545656 Outside Regular m
198 Van: 604.151988 163.881022 627.148459 195.376551 2 0 21 2.257515 1.636975 5.201397 0.392415 1.645224 54.69945 Outside Regular s
200 Car: 576.112635 182.984705 622.376762 220.026885 0 0 8 1.257322 1.595193 3.559196 -0.465563 1.64907 26.850171 Inside Regular m
200 Car: 513.060351 181.313933 558.947598 212.711018 0 0 13 1.373648 1.632677 3.574279 -3.44908 1.782609 33.851603 Outside Regular m
200 Car: 302.363978 178.211408 369.778931 216.124893 1 0 20 1.541984 1.657614 3.808316 -11.94755 1.792381 31.612108 Outside Regular m
200 Van: 602.491318 163.233455 625.787268 195.140931 2 0 21 2.257515 1.636975 5.201397 0.267181 1.607458 54.025994 Outside Regular s
202 Car: 574.552752 183.179388 621.718557 220.971807 0 0 8 1.257322 1.595193 3.559196 -0.496524 1.649956 26.371538 Inside Regular m
202 Car: 511.03929 181.778079 558.100487 213.53565 0 0 13 1.373648 1.632677 3.574279 -3.482554 1.801776 33.537414 Outside Regular m
202 Car: 411.249643 179.594362 445.127667 197.733263 0 0 19 1.253407 1.63583 3.773681 -13.196454 1.75526 52.45614 Outside Regular m
202 Car: 242.554985 178.994184 330.461845 224.459146 0 0 20 1.541984 1.657614 3.808316 -11.883863 1.782518 26.67856 Inside Regular m
202 Van: 601.089741 165.069113 624.586092 197.25456 2 0 21 2.257515 1.636975 5.201397 0.160564 1.743181 53.583709 Outside Regular s
204 Car: 572.978672 187.520715 621.08524 226.718832 0 0 8 1.257322 1.595193 3.559196 -0.525806 1.809809 25.891243 Inside Regular m
204 Car: 508.980726 182.250783 557.236295 214.376196 0 0 13 1.373648 1.632677 3.574279 -3.516029 1.820943 33.223225 Outside Regular m
204 Car: 392.254727 182.362185 427.888907 202.548186 0 0 19 1.253407 1.63583 3.773681 -13.172159 1.893287 47.615566 Outside Regular m
204 Car: 150.588522 182.552344 272.438004 240.204207 0 0 20 1.541984 1.657614 3.808316 -11.797555 1.846153 21.576001 Inside Regular m
204 Van: 599.663685 166.936614 623.363815 199.405472 2 0 21 2.257515 1.636975 5.201397 0.053947 1.878905 53.141424 Outside Regular s
206 Car: 572.232751 187.401103 621.311289 227.373586 0 0 8 1.257322 1.595193 3.559196 -0.526021 1.795587 25.413713 Inside Regular m
206 Car: 506.252526 185.768484 554.90534 218.544489 0 0 13 1.373648 1.632677 3.574279 -3.604634 1.986954 32.973567 Outside Regular m
206 Car: 369.144078 186.496941 411.145548 209.575548 0 0 19 1.253407 1.63583 3.773681 -12.953194 2.082676 42.598222 Outside Regular m
206 Car: 2.507692 186.470455 185.852279 264.511963 1 0 20 1.541984 1.657614 3.808316 -11.702984 1.880692 16.645949 Inside Regular m
206 Van: 598.054474 168.836788 622.119883 201.594655 2 0 21 2.257515 1.636975 5.201397 -0.05267 2.014628 52.699139 Outside Regular s
208 Car: 569.907243 181.230136 620.575222 221.520461 0 0 8 1.257322 1.595193 3.559196 -0.561468 1.554081 24.673077 Inside Regular m
208 Car: 505.760863 179.773346 554.593433 212.164439 0 0 13 1.373648 1.632677 3.574279 -3.595105 1.697013 32.72289 Outside Regular m
208 Car: 338.769724 180.057047 389.601933 205.864266 0 0 19 1.253407 1.63583 3.773681 -12.730488 1.63902 37.470383 Outside Regular m
208 Car: 0.0 184.566554 43.155984 271.999427 0 2 20 1.541984 1.657614 3.808316 -11.617764 1.753948 11.87773 Inside Regular m
208 Van: 596.571445 161.196969 621.06409 194.271384 2 0 21 2.257515 1.636975 5.201397 -0.145605 1.491708 52.206572 Outside Regular s
210 Car: 569.660333 181.741693 620.854397 222.532736 0 0 8 1.257322 1.595193 3.559196 -0.556284 1.569964 24.4377 Inside Regular m
210 Car: 505.639538 177.535053 554.470136 210.089591 0 0 13 1.373648 1.632677 3.574279 -3.58424 1.600212 32.574811 Outside Regular m
210 Car: 431.678225 170.641388 459.240766 188.740675 1 0 17 1.638175 1.926037 3.522174 -15.453012 1.464399 67.860426 Outside Regular m
210 Car: 300.927077 181.18647 362.906236 210.857544 0 0 19 1.253407 1.63583 3.773681 -12.620815 1.642466 32.868071 Outside Regular m
210 Van: 592.992692 159.982823 617.70436 193.392406 2 0 21 2.257515 1.636975 5.201397 -0.394092 1.417103 51.705691 Outside Regular s
212 Car: 569.408237 182.262505 621.139427 223.566284 0 0 8 1.257322 1.595193 3.559196 -0.551099 1.585847 24.202324 Inside Regular m
212 Car: 505.895211 179.803253 554.538952 212.404056 0 0 13 1.373648 1.632677 3.574279 -3.572038 1.696551 32.52933 Outside Regular m
212 Car: 420.753804 173.101519 449.755994 192.536673 1 0 17 1.638175 1.926037 3.522174 -15.317635 1.688661 63.336055 Outside Regular m
212 Car: 251.834431 185.066 328.704683 220.053126 0 0 19 1.253407 1.63583 3.773681 -12.611156 1.757566 28.603108 Outside Regular m
212 Van: 592.042493 161.540158 617.153312 195.155837 2 0 21 2.257515 1.636975 5.201397 -0.446488 1.527897 51.40705 Outside Regular s
214 Car: 569.150791 182.792824 621.430496 224.621781 0 0 8 1.257322 1.595193 3.559196 -0.545915 1.60173 23.966947 Inside Regular m
214 Car: 506.151975 181.868202 554.60771 214.725789 0 0 13 1.373648 1.632677 3.574279 -3.559836 1.792891 32.483848 Outside Regular m
214 Car: 408.090234 174.684217 438.841385 195.669007 1 0 17 1.638175 1.926037 3.522174 -15.183317 1.812733 58.812732 Outside Regular m
214 Car: 184.052102 190.203676 283.405897 232.751537 0 0 19 1.253407 1.63583 3.773681 -12.601498 1.872665 24.338145 Inside Regular m
214 Van: 590.766915 162.001398 616.238939 195.813712 2 0 21 2.257515 1.636975 5.201397 -0.522718 1.563413 51.123585 Outside Regular s
216 Car: 568.887823 183.332914 621.727799 225.699935 0 0 8 1.257322 1.595193 3.559196 -0.540731 1.617614 23.73157 Inside Regular m
216 Car: 506.836444 180.223408 554.172418 212.853725 0 0 13 1.373648 1.632677 3.574279 -3.559286 1.714929 32.521458 Outside Regular m
216 Car: 393.306517 174.414096 426.85627 197.201372 1 0 17 1.638175 1.926037 3.522174 -15.025013 1.7817 54.307099 Outside Regular m
216 Car: 429.643259 176.464488 450.690767 191.448017 0 0 18 1.421742 1.582489 3.112308 -16.662769 1.794389 70.843321 Outside Regular s
216 Car: 80.040645 192.435054 219.729228 246.776823 0 0 19 1.253407 1.63583 3.773681 -12.382577 1.826474 19.638754 Inside Regular m
216 Van: 589.161789 161.347097 614.955799 195.345684 2 0 21 2.257515 1.636975 5.201397 -0.622781 1.523651 50.855296 Outside Regular s
218 Car: 568.313725 183.086713 621.484237 225.677709 0 0 8 1.257322 1.595193 3.559196 -0.550403 1.606963 23.595317 Inside Regular m
218 Car: 507.525121 178.385893 553.734107 210.984308 0 0 13 1.373648 1.632677 3.574279 -3.558737 1.636968 32.559068 Outside Regular m
218 Car: 375.828511 173.27292 413.547912 198.187252 1 0 17 1.638175 1.926037 3.522174 -14.841665 1.695749 49.818108 Outside Regular m
218 Car: 418.49413 175.504231 441.863087 191.506738 0 0 18 1.421742 1.582489 3.112308 -16.542552 1.685689 66.424299 Outside Regular s
218 Car: 0.0 195.862457 121.60857 268.727569 0 0 19 1.253407 1.63583 3.773681 -12.162329 1.780265 14.971651 Outside Regular m
218 Van: 587.540453 160.685629 613.658254 194.872336 2 0 21 2.257515 1.636975 5.201397 -0.722844 1.483889 50.587007 Outside Regular s
220 Car: 567.430498 182.044439 620.692993 224.534737 0 0 8 1.257322 1.595193 3.559196 -0.57493 1.569778 23.558186 Inside Regular m
220 Car: 508.21786 176.54877 553.292879 209.117598 0 0 13 1.373648 1.632677 3.574279 -3.558188 1.559006 32.596679 Outside Regular m
220 Car: 354.74185 171.897395 397.70801 199.376765 1 0 17 1.638175 1.926037 3.522174 -14.658317 1.609798 45.329117 Outside Regular m
220 Car: 405.427744 174.9009 431.271637 192.097477 0 0 18 1.421742 1.582489 3.112308 -16.434919 1.618553 61.918432 Outside Regular s
220 Van: 585.902654 160.016878 612.346065 194.393579 2 0 21 2.257515 1.636975 5.201397 -0.822907 1.444126 50.318718 Outside Regular s
222 Car: 566.544253 180.99911 619.89905 223.387857 0 0 8 1.257322 1.595193 3.559196 -0.599457 1.532594 23.521056 Inside Regular m
222 Car: 508.89108 176.920726 552.650205 209.312622 0 0 13 1.373648 1.632677 3.574279 -3.578144 1.576109 32.774076 Outside Regular m
222 Car: 326.224889 173.590293 376.363801 204.364384 1 0 17 1.638175 1.926037 3.522174 -14.554972 1.707638 40.68942 Outside Regular m
222 Car: 390.653411 176.866124 419.169389 195.484395 0 0 18 1.421742 1.582489 3.112308 -16.283303 1.757695 57.327954 Outside Regular m
222 Van: 584.248134 159.340725 611.018989 193.909321 2 0 21 2.257515 1.636975 5.201397 -0.92297 1.404364 50.050429 Outside Regular s
224 Car: 565.185124 181.740461 618.636038 224.327711 0 0 8 1.257322 1.595193 3.559196 -0.638044 1.558159 23.482819 Inside Regular m
224 Car: 509.562031 177.288249 552.010567 209.505186 0 0 13 1.373648 1.632677 3.574279 -3.5981 1.593211 32.951473 Outside Regular m
224 Car: 289.971435 175.739327 349.796167 210.705795 1 0 17 1.638175 1.926037 3.522174 -14.451627 1.805478 36.049723 Outside Regular m
224 Car: 373.225405 179.182996 405.023963 199.47988 0 0 18 1.421742 1.582489 3.112308 -16.131687 1.896838 52.737476 Outside Regular m
224 Van: 579.898856 158.734091 606.549145 193.289218 2 0 21 2.257515 1.636975 5.201397 -1.228973 1.364109 50.065206 Outside Regular s
226 Car: 563.350398 184.276701 616.901282 227.365503 0 0 8 1.257322 1.595193 3.559196 -0.690692 1.646473 23.443477 Inside Regular m
226 Car: 507.148971 180.173394 550.252731 212.204761 0 0 13 1.373648 1.632677 3.574279 -3.712843 1.719646 33.130749 Outside Regular m
226 Car: 242.018915 178.437571 316.598772 219.059858 0 0 17 1.638175 1.926037 3.522174 -14.286553 1.897328 31.298996 Outside Regular m
226 Car: 352.358173 181.898232 388.270294 204.264143 0 0 18 1.421742 1.582489 3.112308 -15.980071 2.03598 48.146998 Outside Regular m
226 Van: 576.673813 161.55728 603.372893 196.169526 2 0 21 2.257515 1.636975 5.201397 -1.44924 1.551233 49.995618 Outside Regular s
228 Car: 561.13097 185.161065 614.477382 228.231274 0 0 8 1.257322 1.595193 3.559196 -0.767694 1.678838 23.527853 Inside Regular m
228 Car: 504.766234 182.767641 548.510684 214.872293 0 0 13 1.373648 1.632677 3.574279 -3.827586 1.846081 33.310024 Outside Regular m
228 Car: 175.039125 181.919368 272.980563 230.691983 0 0 17 1.638175 1.926037 3.522174 -14.059749 1.983189 26.437238 Inside Regular m
228 Car: 326.527193 183.764151 367.747934 208.722745 0 0 18 1.421742 1.582489 3.112308 -15.851028 2.095233 43.555521 Outside Regular m
228 Van: 573.439915 164.388244 600.187609 199.058656 2 0 21 2.257515 1.636975 5.201397 -1.669507 1.738356 49.92603 Outside Regular s
230 Car: 558.568728 184.397263 611.413541 226.934996 0 0 8 1.257322 1.595193 3.559196 -0.86905 1.655252 23.735947 Inside Regular m
230 Car: 502.461109 180.918533 546.538652 212.402238 0 0 13 1.373648 1.632677 3.574279 -3.974498 1.760816 33.720173 Outside Regular m
230 Car: 81.728375 182.973842 210.15906 243.079332 0 0 17 1.638175 1.926037 3.522174 -13.949345 1.960001 21.875568 Inside Regular m
230 Car: 293.899163 184.632479 342.177109 212.735843 0 0 18 1.421742 1.582489 3.112308 -15.744558 2.074597 38.963044 Outside Regular m
230 Van: 568.920388 162.667317 595.419515 197.301916 2 0 21 2.257515 1.636975 5.201397 -1.991995 1.624693 49.967425 Outside Regular s
232 Car: 556.054537 183.646042 608.407594 225.662515 0 0 8 1.257322 1.595193 3.559196 -0.970405 1.631667 23.944041 Inside Regular m
232 Car: 500.217282 178.974834 544.609373 209.995752 0 0 13 1.373648 1.632677 3.574279 -4.121409 1.675551 34.130321 Outside Regular m
232 Car: 0.0 183.976251 119.437874 261.707556 0 0 17 1.638175 1.926037 3.522174 -13.679351 1.919119 17.080622 Inside Regular m
232 Car: 252.75615 185.270339 311.172587 217.536621 0 0 18 1.421742 1.582489 3.112308 -15.523517 2.028699 34.209548 Outside Regular m
232 Van: 564.407536 160.949642 590.660246 195.54808 2 0 21 2.257515 1.636975 5.201397 -2.314483 1.51103 50.008819 Outside Regular s
234 Car: 553.58709 182.907089 605.457905 224.413188 0 0 8 1.257322 1.595193 3.559196 -1.071761 1.608081 24.152135 Inside Regular m
234 Car: 496.031466 181.308293 540.916868 212.047716 0 0 13 1.373648 1.632677 3.574279 -4.359011 1.789913 34.539027 Outside Regular m
234 Car: 197.570079 186.103227 270.683822 223.976891 0 0 18 1.421742 1.582489 3.112308 -15.302475 1.982801 29.456052 Outside Regular m
234 Van: 560.382491 161.11769 586.390933 195.617236 2 0 21 2.257515 1.636975 5.201397 -2.608298 1.51989 50.144206 Outside Regular s
236 Car: 549.955237 184.488548 600.779331 225.407545 0 0 8 1.257322 1.595193 3.559196 -1.242609 1.672331 24.615396 Inside Regular m
236 Car: 492.901126 182.405544 537.127733 212.829038 0 0 13 1.373648 1.632677 3.574279 -4.586794 1.851274 35.008135 Outside Regular m
236 Car: 119.67159 187.236729 215.573196 233.06943 0 0 18 1.421742 1.582489 3.112308 -15.081434 1.936902 24.702556 Outside Regular m
236 Van: 556.863041 163.154073 582.632476 197.493691 2 0 21 2.257515 1.636975 5.201397 -2.87344 1.651274 50.373584 Outside Regular s
238 Car: 546.494971 185.136014 596.428015 225.432224 0 0 8 1.257322 1.595193 3.559196 -1.39874 1.702995 25.027445 Inside Regular m
238 Car: 489.857835 183.474897 533.434317 213.588767 0 0 13 1.373648 1.632677 3.574279 -4.814577 1.912634 35.477244 Outside Regular m
238 Car: 733.658267 184.255277 785.982358 205.756815 0 0 15 1.381663 1.349675 3.296602 10.153367 2.176104 48.988843 Outside Regular s
238 Car: 840.586365 187.006233 899.740649 210.269648 1 0 16 1.590079 1.732812 4.0153 19.041968 2.657423 52.844709 Outside Regular s
238 Car: 1.406487 188.869434 136.174673 246.877497 0 0 18 1.421742 1.582489 3.112308 -14.860393 1.891004 19.949061 Inside Regular m
238 Van: 553.373641 165.17076 578.910258 199.352338 2 0 21 2.257515 1.636975 5.201397 -3.138582 1.782657 50.602962 Outside Regular s
240 Car: 546.221474 184.892458 595.379884 224.522625 0 0 8 1.257322 1.595193 3.559196 -1.441164 1.700043 25.394914 Inside Regular m
240 Car: 489.138652 183.238911 531.140042 212.87906 0 0 13 1.373648 1.632677 3.574279 -4.960607 1.907534 35.987964 Outside Regular m
240 Car: 740.641605 184.04133 795.74989 206.566028 0 0 15 1.381663 1.349675 3.296602 10.234414 2.127088 46.7778 Outside Regular s
240 Car: 848.806538 185.959055 910.602649 210.265365 1 0 16 1.590079 1.732812 4.0153 18.866408 2.535855 50.508019 Outside Regular s
240 Van: 550.822854 165.108055 576.240347 199.142986 2 0 21 2.257515 1.636975 5.201397 -3.334555 1.776283 50.808663 Outside Regular s
242 Car: 545.956374 184.655395 594.363837 223.640913 0 0 8 1.257322 1.595193 3.559196 -1.483587 1.697092 25.762382 Inside Regular m
242 Car: 490.657418 181.752091 530.186985 210.764202 0 0 13 1.373648 1.632677 3.574279 -5.024883 1.835974 36.540297 Outside Regular m
242 Car: 750.093235 183.800102 808.201122 207.422931 0 0 15 1.381663 1.349675 3.296602 10.434388 2.078386 44.614791 Outside Regular m
242 Car: 857.827562 184.813852 922.513592 210.260642 0 0 16 1.590079 1.732812 4.0153 18.690848 2.414286 48.171329 Outside Regular m
242 Van: 549.196653 162.992768 574.605216 196.891483 2 0 21 2.257515 1.636975 5.201397 -3.461361 1.632152 50.990687 Outside Regular s
244 Car: 545.699289 184.424569 593.378421 222.785826 0 0 8 1.257322 1.595193 3.559196 -1.526011 1.69414 26.12985 Inside Regular m
244 Car: 492.145841 180.2493 529.249252 208.711946 0 0 13 1.373648 1.632677 3.574279 -5.089158 1.764414 37.09263 Outside Regular m
244 Car: 762.349578 183.528268 823.712542 208.331879 0 0 15 1.381663 1.349675 3.296602 10.753289 2.029999 42.499816 Outside Regular s
244 Car: 870.978954 185.514452 939.094406 212.37464 1 0 16 1.590079 1.732812 4.0153 18.714346 2.421201 45.805228 Outside Regular s
244 Van: 551.511764 163.53361 577.145165 197.076517 2 0 21 2.257515 1.636975 5.201397 -3.322344 1.661868 51.505197 Outside Regular s
246 Car: 547.954585 186.252258 594.907456 224.30668 0 0 8 1.257322 1.595193 3.559196 -1.483185 1.771912 26.502371 Inside Regular m
246 Car: 494.749031 185.553169 530.612458 213.989534 0 0 13 1.373648 1.632677 3.574279 -5.074363 2.058621 37.731054 Outside Regular m
246 Car: 775.733257 187.096573 840.840193 213.484466 0 0 15 1.381663 1.349675 3.296602 11.047113 2.202972 40.311351 Outside Regular s
246 Car: 885.986661 188.377562 958.330559 217.046783 1 0 16 1.590079 1.732812 4.0153 18.729329 2.556394 43.332823 Inside Regular s
246 Van: 553.574469 168.224025 579.553218 201.630022 2 0 21 2.257515 1.636975 5.201397 -3.176684 1.979113 51.730281 Outside Regular s
248 Car: 550.142935 188.032473 596.391109 225.782355 0 0 8 1.257322 1.595193 3.559196 -1.44036 1.849684 26.874893 Inside Regular m
248 Car: 497.218449 186.138572 531.889065 214.134994 0 0 13 1.373648 1.632677 3.574279 -5.062213 2.102456 38.372096 Outside Regular m
248 Car: 790.636473 191.069051 859.961155 219.236367 0 0 15 1.381663 1.349675 3.296602 11.340937 2.375946 38.122887 Outside Regular s
248 Car: 902.797403 191.576267 979.91173 222.303141 1 0 16 1.590079 1.732812 4.0153 18.744312 2.691587 40.860419 Outside Regular m
248 Van: 555.635494 170.578455 581.954113 203.839245 2 0 21 2.257515 1.636975 5.201397 -3.030066 2.139139 51.957659 Outside Regular s
250 Car: 551.743936 186.478496 597.309795 223.450298 0 0 8 1.257322 1.595193 3.559196 -1.415993 1.794851 27.247584 Inside Regular m
250 Car: 499.167584 184.04458 533.575613 211.39642 0 0 13 1.373648 1.632677 3.574279 -5.040629 1.99476 38.9503 Outside Regular m
250 Car: 808.862666 190.16512 883.460004 220.306924 0 0 15 1.381663 1.349675 3.296602 11.618462 2.266431 35.611887 Outside Regular s
250 Car: 922.739745 192.103479 1005.012188 224.946479 1 0 16 1.590079 1.732812 4.0153 18.799112 2.656298 38.375119 Outside Regular s
250 Van: 557.179562 168.238406 583.32229 201.278596 2 0 21 2.257515 1.636975 5.201397 -2.942125 1.976629 52.273497 Outside Regular s
252 Car: 552.782969 181.717034 597.687926 217.4754 0 0 8 1.257322 1.595193 3.559196 -1.410086 1.607415 27.620447 Inside Regular m
252 Car: 501.094486 182.847859 536.080719 209.710872 0 0 13 1.373648 1.632677 3.574279 -4.985458 1.934533 39.464973 Outside Regular m
252 Car: 827.784117 187.568708 908.065378 219.695546 0 0 15 1.381663 1.349675 3.296602 11.856905 2.086691 33.282374 Outside Regular s
252 Car: 943.941284 190.109729 1032.017463 225.099757 0 0 16 1.590079 1.732812 4.0153 18.797062 2.487216 35.927296 Outside Regular s
252 Van: 558.916119 163.869284 584.447948 196.626048 2 0 21 2.257515 1.636975 5.201397 -2.858843 1.670035 52.680148 Outside Regular s
254 Car: 554.989391 187.509681 599.250396 223.575332 0 0 8 1.257322 1.595193 3.559196 -1.360627 1.851525 27.991598 Inside Regular m
254 Car: 503.429559 185.114264 538.935768 211.83397 0 0 13 1.373648 1.632677 3.574279 -4.906132 2.073302 39.978953 Outside Regular m
254 Car: 848.28285 192.697336 935.215386 227.699059 0 0 15 1.381663 1.349675 3.296602 12.037898 2.266607 30.939944 Outside Regular s
254 Car: 968.84496 193.569564 1063.630037 231.595747 0 0 16 1.590079 1.732812 4.0153 18.81872 2.596641 33.469701 Outside Regular s
254 Van: 561.415581 167.797549 586.42273 200.30481 2 0 21 2.257515 1.636975 5.201397 -2.714715 1.940387 53.085639 Outside Regular s
256 Car: 555.894403 186.629869 599.186826 221.760942 0 0 8 1.257322 1.595193 3.559196 -1.322197 1.826965 28.591298 Inside Regular m
256 Car: 504.754074 183.123326 539.961486 209.357059 0 0 13 1.373648 1.632677 3.574279 -4.893534 1.964121 40.410036 Outside Regular m
256 Car: 871.216636 195.131692 966.023944 233.283344 0 0 15 1.381663 1.349675 3.296602 12.181182 2.301924 28.589517 Outside Regular s
256 Car: 997.924213 197.050299 1100.602022 238.651578 0 0 16 1.590079 1.732812 4.0153 18.837915 2.682558 30.987755 Outside Regular s
256 Van: 563.130035 168.886459 587.543548 201.139433 2 0 21 2.257515 1.636975 5.201397 -2.628595 2.014437 53.488699 Outside Regular s
258 Car: 556.572094 184.727533 599.017785 218.917304 0 0 8 1.257322 1.595193 3.559196 -1.311334 1.755745 29.124541 Inside Regular m
258 Car: 506.049362 181.172407 540.966437 206.935133 0 0 13 1.373648 1.632677 3.574279 -4.880935 1.85494 40.841119 Outside Regular m
258 Car: 897.248501 194.173208 1001.52111 235.780942 0 0 15 1.381663 1.349675 3.296602 12.286758 2.192644 26.231094 Outside Regular s
258 Car: 1031.565026 195.830798 1143.665905 241.150383 1 0 16 1.590079 1.732812 4.0153 18.823213 2.547544 28.480035 Inside Regular s
258 Van: 564.076845 167.201667 587.83028 199.197931 2 0 21 2.257515 1.636975 5.201397 -2.600486 1.892185 53.889325 Outside Regular s
260 Car: 557.028194 181.843193 598.761621 215.083056 0 0 8 1.257322 1.595193 3.559196 -1.328037 1.637864 29.591326 Inside Regular m
260 Car: 507.316383 179.140561 541.951241 204.566384 0 0 13 1.373648 1.632677 3.574279 -4.868336 1.745759 41.272202 Outside Regular m
260 Car: 929.722049 194.630539 1045.849301 240.636132 0 0 15 1.381663 1.349675 3.296602 12.416655 2.137038 23.821952 Outside Regular s
260 Car: 1076.012986 193.773846 1199.34335 243.422029 1 0 16 1.590079 1.732812 4.0153 18.979508 2.389677 25.99426 Inside Regular s
260 Van: 565.620148 165.638834 589.362418 197.410418 2 0 21 2.257515 1.636975 5.201397 -2.501396 1.777346 54.245024 Outside Regular s
262 Car: 558.056077 180.831749 599.168421 213.445866 0 0 8 1.257322 1.595193 3.559196 -1.32559 1.598408 30.011941 Inside Regular m
262 Car: 509.120626 180.430943 543.435365 205.58314 0 0 13 1.373648 1.632677 3.574279 -4.824339 1.820899 41.702089 Outside Regular m
262 Car: 969.343971 195.186857 1100.368649 246.629808 0 0 15 1.381663 1.349675 3.296602 12.546552 2.081431 21.412809 Outside Regular s
262 Car: 1129.335612 194.183179 1241.0 249.482457 3 0 16 1.590079 1.732812 4.0153 19.12375 2.331913 23.512819 Inside Regular s
262 Van: 567.144245 164.097346 590.873621 195.647382 2 0 21 2.257515 1.636975 5.201397 -2.402307 1.662508 54.600722 Outside Regular s
264 Car: 559.637069 181.61526 600.209507 213.900848 0 0 8 1.257322 1.595193 3.559196 -1.303991 1.637377 30.386384 Inside Regular m
264 Car: 510.886378 181.600109 544.890464 206.578092 0 0 13 1.373648 1.632677 3.574279 -4.780341 1.896039 42.131976 Outside Regular m
264 Car: 1019.28167 196.562479 1169.899978 255.101508 0 0 15 1.381663 1.349675 3.296602 12.668488 2.043547 18.965185 Outside Regular s
264 Car: 1191.024916 196.795691 1241.0 256.339529 0 1 16 1.590079 1.732812 4.0153 19.237556 2.317642 21.173226 Outside Regular s
264 Van: 568.790769 166.390154 592.520388 197.732981 2 0 21 2.257515 1.636975 5.201397 -2.291824 1.824862 54.954102 Outside Regular s
266 Car: 561.179216 182.380503 601.221819 214.344091 0 0 8 1.257322 1.595193 3.559196 -1.282392 1.676346 30.760828 Inside Regular m
266 Car: 512.998732 183.752115 546.895461 208.715 0 0 13 1.373648 1.632677 3.574279 -4.697519 2.032303 42.468905 Outside Regular m
266 Car: 1084.340132 199.11305 1241.0 267.280119 1 0 15 1.381663 1.349675 3.296602 12.782465 2.023386 16.479081 Outside Regular s
266 Van: 570.417185 168.652268 594.145099 199.790589 2 0 21 2.257515 1.636975 5.201397 -2.181341 1.987217 55.307482 Outside Regular s
268 Car: 562.683942 183.128118 602.206443 214.776032 0 0 8 1.257322 1.595193 3.559196 -1.260793 1.715315 31.135272 Inside Regular m
268 Car: 515.076528 185.87207 548.870064 210.816276 0 0 13 1.373648 1.632677 3.574279 -4.614697 2.168566 42.805835 Outside Regular m
268 Car: 1171.741052 203.79037 1241.0 283.664122 0 1 15 1.381663 1.349675 3.296602 12.896441 2.003225 13.992977 Inside Regular s
268 Van: 572.634616 168.674672 595.799651 199.603347 2 0 21 2.257515 1.636975 5.201397 -2.044586 1.986692 55.664481 Outside Regular s
270 Car: 565.050748 183.935617 603.995528 215.220875 0 0 8 1.257322 1.595193 3.559196 -1.18414 1.758955 31.569704 Outside Regular m
270 Car: 517.82482 185.066362 551.291828 209.726575 0 0 13 1.373648 1.632677 3.574279 -4.498631 2.124789 43.16054 Outside Regular m
270 Van: 576.166484 167.729562 600.120835 198.442463 2 0 21 2.257515 1.636975 5.201397 -1.753776 1.91455 56.032825 Outside Regular s
272 Car: 566.00251 190.091594 604.329735 221.612656 0 0 8 1.257322 1.595193 3.559196 -1.145381 2.055753 32.056409 Outside Regular m
272 Car: 519.783015 190.208392 552.82558 215.095296 0 0 13 1.373648 1.632677 3.574279 -4.431857 2.454059 43.526601 Outside Regular m
272 Van: 577.3743 174.645959 601.288451 205.177659 2 0 21 2.257515 1.636975 5.201397 -1.671189 2.428443 56.380367 Outside Regular s
274 Car: 567.746829 193.860628 605.42493 225.288546 0 0 8 1.257322 1.595193 3.559196 -1.088051 2.247953 32.577574 Outside Regular m
274 Car: 521.6556 190.151119 554.284788 214.81478 0 0 13 1.373648 1.632677 3.574279 -4.368505 2.459318 43.89605 Outside Regular m
274 Van: 578.167386 174.984928 602.012179 205.333208 2 0 21 2.257515 1.636975 5.201397 -1.620594 2.454713 56.706633 Outside Regular s
276 Car: 567.272441 185.474112 604.169622 215.28342 0 0 8 1.257322 1.595193 3.559196 -1.146558 1.859577 33.230461 Outside Regular m
276 Car: 522.022228 182.40165 552.959704 206.166267 0 0 13 1.373648 1.632677 3.574279 -4.440726 1.973505 44.31051 Outside Regular m
276 Van: 578.553405 168.864995 602.300843 199.027757 2 0 21 2.257515 1.636975 5.201397 -1.60199 1.993361 57.011622 Outside Regular s
278 Car: 567.419656 179.230186 603.693605 207.984112 0 0 8 1.257322 1.595193 3.559196 -1.171721 1.567946 33.771165 Outside Regular m
278 Car: 522.392776 174.297113 551.650258 197.676264 0 0 13 1.373648 1.632677 3.574279 -4.512947 1.487693 44.72497 Outside Regular m
278 Van: 579.16505 159.774664 602.835551 189.744488 2 0 21 2.257515 1.636975 5.201397 -1.564498 1.301148 57.320484 Outside Regular s
280 Car: 568.086202 180.712341 603.883637 209.10055 0 0 8 1.257322 1.595193 3.559196 -1.166635 1.638793 34.196726 Outside Regular m
280 Car: 523.398058 181.898627 552.617347 205.29279 0 0 13 1.373648 1.632677 3.574279 -4.469 1.948297 44.897483 Outside Regular m
280 Van: 579.660021 164.951929 602.825983 194.799393 2 0 21 2.257515 1.636975 5.201397 -1.550749 1.691649 57.56961 Outside Regular s
282 Car: 568.663769 187.286018 604.000304 216.033647 0 0 8 1.257322 1.595193 3.559196 -1.164645 1.975372 34.619329 Outside Regular m
282 Car: 524.159396 185.144173 553.358412 208.719554 0 0 13 1.373648 1.632677 3.574279 -4.439434 2.161559 45.071979 Outside Regular m
282 Van: 580.558237 170.91776 603.260063 200.64271 2 0 21 2.257515 1.636975 5.201397 -1.502995 2.146056 57.820258 Outside Regular s
284 Car: 570.356851 186.413364 605.237124 214.695742 0 0 8 1.257322 1.595193 3.559196 -1.11087 1.939349 35.047531 Outside Regular m
284 Car: 524.679659 184.575311 553.875846 208.007161 0 0 13 1.373648 1.632677 3.574279 -4.42425 2.127479 45.24846 Outside Regular m
284 Van: 581.35845 170.479628 603.58863 200.066314 2 0 21 2.257515 1.636975 5.201397 -1.463064 2.111548 58.075702 Outside Regular s
286 Car: 572.006893 185.560749 606.442535 213.391862 0 0 8 1.257322 1.595193 3.559196 -1.057095 1.903326 35.475733 Outside Regular m
286 Car: 525.96609 183.705043 555.826721 206.939888 0 0 13 1.373648 1.632677 3.574279 -4.344515 2.074488 45.48351 Outside Regular m
286 Van: 583.801962 170.709651 605.741794 200.195468 2 0 21 2.257515 1.636975 5.201397 -1.281488 2.128596 58.265224 Outside Regular s
288 Car: 574.134322 184.538735 608.196304 211.960568 0 0 8 1.257322 1.595193 3.559196 -0.975819 1.856456 35.843453 Outside Regular m
288 Car: 527.242639 182.842977 557.755402 205.884313 0 0 13 1.373648 1.632677 3.574279 -4.264781 2.021496 45.718559 Outside Regular m
288 Van: 586.230243 170.93819 607.880314 200.323679 2 0 21 2.257515 1.636975 5.201397 -1.099912 2.145645 58.454746 Outside Regular s
290 Car: 576.735046 183.34736 610.490097 210.398393 0 0 8 1.257322 1.595193 3.559196 -0.867043 1.798737 36.150691 Outside Regular m
290 Car: 529.064412 182.16802 559.793007 205.080278 0 0 13 1.373648 1.632677 3.574279 -4.155307 1.979028 45.861978 Outside Regular m
290 Van: 588.953875 169.833101 610.325706 199.114931 2 0 21 2.257515 1.636975 5.201397 -0.870026 2.058986 58.64705 Outside Regular s
290 Car: 427.62145 177.336581 450.424396 192.54763 0 0 24 1.445792 1.529408 3.498343 -16.832788 1.903912 71.106432 Outside Regular s
292 Car: 579.150899 182.531226 612.605034 209.257535 0 0 8 1.257322 1.595193 3.559196 -0.764918 1.759904 36.457523 Outside Regular m
292 Car: 531.434477 181.674913 561.952511 204.520098 0 0 13 1.373648 1.632677 3.574279 -4.016096 1.947083 45.913767 Outside Regular m
292 Van: 591.453723 168.735179 612.752825 197.914725 2 0 21 2.257515 1.636975 5.201397 -0.640141 1.972327 58.839354 Outside Regular s
292 Car: 414.094213 180.594776 440.032899 197.227153 0 0 24 1.445792 1.529408 3.498343 -16.510846 2.153609 65.187721 Outside Regular m
294 Car: 581.386829 182.081355 614.545893 208.526862 0 0 8 1.257322 1.595193 3.559196 -0.669445 1.739958 36.763947 Outside Regular m
294 Car: 533.798987 181.182874 564.107331 203.961231 0 0 13 1.373648 1.632677 3.574279 -3.876884 1.915138 45.965556 Outside Regular m
294 Van: 593.938152 167.644392 615.388203 196.723011 2 0 21 2.257515 1.636975 5.201397 -0.410255 1.885667 59.031658 Outside Regular s
294 Car: 396.341461 180.502517 426.256007 198.843843 0 0 24 1.445792 1.529408 3.498343 -16.304484 2.082537 59.269444 Outside Regular m
296 Car: 583.485939 183.869826 616.356531 210.270186 0 0 8 1.257322 1.595193 3.559196 -0.578711 1.84025 37.068931 Outside Regular m
296 Car: 534.135225 182.404959 564.429107 205.29148 0 0 13 1.373648 1.632677 3.574279 -3.854535 1.99583 45.948766 Outside Regular m
296 Van: 597.243082 167.518507 618.409956 196.514711 2 0 21 2.257515 1.636975 5.201397 -0.207533 1.874884 59.194013 Outside Regular s
296 Car: 371.951531 181.728568 406.820884 202.378886 0 0 24 1.445792 1.529408 3.498343 -16.200416 2.109745 53.048353 Outside Regular m
298 Car: 584.409817 189.301027 617.050086 216.070369 0 0 8 1.257322 1.595193 3.559196 -0.542187 2.138627 37.317133 Outside Regular m
298 Car: 533.967418 185.570179 564.28544 208.723998 0 0 13 1.373648 1.632677 3.574279 -3.862895 2.205005 45.930495 Outside Regular m
298 Van: 598.279035 173.91828 619.388593 202.837683 2 0 21 2.257515 1.636975 5.201397 -0.111615 2.377247 59.349986 Outside Regular s
298 Car: 340.109013 186.933017 381.679918 210.805048 0 0 24 1.445792 1.529408 3.498343 -16.167429 2.385173 46.896846 Outside Regular m
300 Car: 584.573839 187.297476 617.032806 213.715016 0 0 8 1.257322 1.595193 3.559196 -0.540983 2.033928 37.515607 Outside Regular m
300 Car: 532.867589 183.017294 562.749606 205.989001 0 0 13 1.373648 1.632677 3.574279 -3.942728 2.035202 45.878635 Outside Regular m
300 Van: 599.104156 171.283691 620.153164 200.117591 2 0 21 2.257515 1.636975 5.201397 -0.03202 2.169462 59.513729 Outside Regular s
300 Car: 297.026971 182.013647 348.253535 209.257097 0 0 24 1.445792 1.529408 3.498343 -16.167483 1.974299 40.672451 Outside Regular m
302 Car: 584.736049 185.314042 617.015716 211.385697 0 0 8 1.257322 1.595193 3.559196 -0.539779 1.929228 37.714081 Outside Regular m
302 Car: 532.85389 182.961197 561.679506 205.972151 0 0 13 1.373648 1.632677 3.574279 -3.970463 2.029897 45.789261 Outside Regular m
302 Van: 599.938938 170.014248 620.927524 198.764793 2 0 21 2.257515 1.636975 5.201397 0.048704 2.068545 59.676355 Outside Regular s
302 Car: 237.707039 179.346997 303.602306 211.679403 0 0 24 1.445792 1.529408 3.498343 -16.125724 1.766406 34.381022 Outside Regular m
304 Car: 585.401352 181.441086 617.457561 206.944925 0 0 8 1.257322 1.595193 3.559196 -0.51502 1.720003 37.964027 Outside Regular m
304 Car: 532.774392 180.750106 561.46391 203.598001 0 0 13 1.373648 1.632677 3.574279 -3.976467 1.883464 45.748985 Outside Regular m
304 Van: 600.780336 167.137391 621.722935 195.823845 2 0 21 2.257515 1.636975 5.201397 0.114053 1.839899 59.803258 Outside Regular s
304 Car: 149.950146 180.258372 240.005559 220.301916 0 0 24 1.445792 1.529408 3.498343 -16.094211 1.7432 28.099514 Inside Regular m
306 Car: 585.91597 179.177542 617.709779 204.38965 0 0 8 1.257322 1.595193 3.559196 -0.498992 1.604969 38.262317 Outside Regular m
306 Car: 532.62659 176.04301 562.107608 198.870056 0 0 13 1.373648 1.632677 3.574279 -3.960739 1.595905 45.757808 Outside Regular m
306 Van: 602.453676 162.716843 623.349368 191.335816 2 0 21 2.257515 1.636975 5.201397 0.229048 1.487518 59.936139 Outside Regular s
306 Car: 6.32327 177.778004 141.891774 230.436607 0 0 24 1.445792 1.529408 3.498343 -16.063406 1.60944 21.7871 Inside Regular m
308 Car: 585.786749 180.754617 617.325718 205.779097 0 0 8 1.257322 1.595193 3.559196 -0.515249 1.688652 38.557478 Outside Regular m
308 Car: 531.780321 179.050921 562.102957 201.875002 0 0 13 1.373648 1.632677 3.574279 -3.987162 1.779134 45.760566 Outside Regular m
308 Van: 603.954489 167.05648 624.805574 195.61442 2 0 21 2.257515 1.636975 5.201397 0.350765 1.831475 60.061109 Outside Regular s
310 Car: 585.659587 182.181856 616.947767 207.146407 0 0 8 1.257322 1.595193 3.559196 -0.531507 1.772334 38.852639 Outside Regular m
310 Car: 530.264507 181.067006 561.158846 203.989654 0 0 13 1.373648 1.632677 3.574279 -4.056605 1.904149 45.670134 Outside Regular m
310 Van: 603.163665 166.931783 623.967317 195.425355 2 0 21 2.257515 1.636975 5.201397 0.289967 1.82046 60.190785 Outside Regular s
312 Car: 585.534433 183.588529 616.575783 208.492105 0 0 8 1.257322 1.595193 3.559196 -0.547764 1.856017 39.1478 Outside Regular m
312 Car: 528.062296 182.117976 559.266577 205.223376 0 0 13 1.373648 1.632677 3.574279 -4.169071 1.970951 45.48651 Outside Regular m
312 Van: 602.376439 166.807643 623.132779 195.237146 2 0 21 2.257515 1.636975 5.201397 0.22917 1.809445 60.32046 Outside Regular s
314 Car: 585.63122 183.386652 616.428308 208.074673 0 0 8 1.257322 1.595193 3.559196 -0.552584 1.848883 39.444289 Outside Regular m
314 Car: 525.841548 183.177156 557.359518 206.467488 0 0 13 1.373648 1.632677 3.574279 -4.281536 2.037753 45.302886 Outside Regular m
314 Van: 601.959499 171.150701 622.670384 199.519519 2 0 21 2.257515 1.636975 5.201397 0.181347 2.156778 60.447033 Outside Regular s
316 Car: 585.944735 181.610669 616.500103 205.935488 0 0 8 1.257322 1.595193 3.559196 -0.545969 1.750932 39.742107 Outside Regular m
316 Car: 524.510811 180.995273 556.27577 204.202402 0 0 13 1.373648 1.632677 3.574279 -4.339669 1.893264 45.121521 Outside Regular m
316 Van: 601.534301 168.821141 622.198323 197.125499 2 0 21 2.257515 1.636975 5.201397 0.141099 1.969235 60.57755 Outside Regular s
318 Car: 586.253369 179.788537 616.57078 203.829623 0 0 8 1.257322 1.595193 3.559196 -0.539354 1.652982 40.039925 Outside Regular m
318 Car: 523.16892 178.664023 555.183588 201.918316 0 0 13 1.373648 1.632677 3.574279 -4.397802 1.748775 44.940157 Outside Regular m
318 Van: 601.111024 166.502162 621.728372 194.742109 2 0 21 2.257515 1.636975 5.201397 0.100851 1.781692 60.708067 Outside Regular s
320 Car: 586.929687 181.388242 616.992742 205.300489 0 0 8 1.257322 1.595193 3.559196 -0.513633 1.745465 40.363069 Outside Regular m
320 Car: 521.85102 178.59916 554.125937 201.969209 0 0 13 1.373648 1.632677 3.574279 -4.450258 1.743187 44.726201 Outside Regular m
320 Car: 0.0 189.334706 134.124186 374.0 0 2 14 1.59008 1.654719 3.843177 -3.654117 1.675877 2.311186 Inside Regular s
320 Van: 601.486405 167.44742 622.057165 195.625031 2 0 21 2.257515 1.636975 5.201397 0.113846 1.856956 60.837776 Outside Regular s
322 Car: 588.364629 182.021745 618.234246 205.776701 0 0 8 1.257322 1.595193 3.559196 -0.442966 1.786971 40.714933 Outside Regular m
322 Car: 520.554435 180.846628 553.101076 204.39027 0 0 13 1.373648 1.632677 3.574279 -4.497037 1.876499 44.479654 Outside Regular m
322 Car: 0.0 187.502803 207.270801 374.0 0 1 14 1.59008 1.654719 3.843177 -3.656499 1.680778 3.085599 Inside Regular s
322 Van: 602.392106 167.756686 622.953292 195.871108 2 0 21 2.257515 1.636975 5.201397 0.178121 1.881054 60.969269 Outside Regular s
324 Car: 590.165828 178.397688 619.926887 201.805847 0 0 8 1.257322 1.595193 3.559196 -0.346458 1.587067 41.070188 Outside Regular m
324 Car: 519.683176 176.697087 552.468714 200.335751 0 0 13 1.373648 1.632677 3.574279 -4.518396 1.627343 44.237097 Outside Regular m
324 Car: 0.0 186.158723 260.941423 374.0 0 1 14 1.59008 1.654719 3.843177 -3.658881 1.685679 3.860011 Inside Regular m
324 Van: 603.143247 164.195591 623.620513 192.24324 2 0 21 2.257515 1.636975 5.201397 0.240433 1.591178 61.103356 Outside Regular s
326 Car: 590.939086 182.216888 620.507025 205.567466 0 0 8 1.257322 1.595193 3.559196 -0.309551 1.807612 41.419089 Outside Regular m
326 Car: 516.587099 179.723279 549.314497 203.531518 0 0 13 1.373648 1.632677 3.574279 -4.678789 1.802832 43.943715 Outside Regular m
326 Car: 0.0 185.130505 301.91394 374.0 0 1 14 1.59008 1.654719 3.843177 -3.661264 1.69058 4.634424 Inside Regular m
326 Van: 602.530793 167.484378 622.978743 195.490386 2 0 21 2.257515 1.636975 5.201397 0.186252 1.857325 61.194776 Outside Regular s
328 Car: 589.61859 183.542972 618.973344 206.810696 0 0 8 1.257322 1.595193 3.559196 -0.393715 1.892175 41.76584 Outside Regular m
328 Car: 513.448103 182.613712 546.119263 206.773144 0 0 13 1.373648 1.632677 3.574279 -4.839182 1.978321 43.650333 Outside Regular m
328 Car: 0.0 184.318515 334.206808 374.0 0 1 14 1.59008 1.654719 3.843177 -3.663646 1.695481 5.408837 Inside Regular m
328 Van: 601.885375 170.762785 622.338976 198.727543 2 0 21 2.257515 1.636975 5.201397 0.132071 2.123472 61.286196 Outside Regular s
330 Car: 585.901805 182.712461 614.998574 205.706118 0 0 8 1.257322 1.595193 3.559196 -0.620316 1.84662 42.109723 Outside Regular m
330 Car: 508.716721 183.393947 541.305518 207.894606 0 0 13 1.373648 1.632677 3.574279 -5.072738 2.020391 43.180268 Outside Regular m
330 Car: 0.0 183.119472 358.900913 374.0 0 1 14 1.59008 1.654719 3.843177 -3.673341 1.693878 6.154413 Inside Regular m
330 Van: 598.07661 168.60467 618.456081 196.523635 2 0 21 2.257515 1.636975 5.201397 -0.1865 1.947308 61.37931 Outside Regular s
332 Car: 582.24244 181.894993 611.091405 204.620001 0 0 8 1.257322 1.595193 3.559196 -0.846916 1.801065 42.453606 Outside Regular m
332 Car: 502.54065 181.108159 535.61033 205.649049 0 0 13 1.373648 1.632677 3.574279 -5.376065 1.873018 42.771426 Outside Regular m
332 Car: 0.0 181.619414 378.171129 374.0 0 0 14 1.59008 1.654719 3.843177 -3.690349 1.68577 6.871152 Inside Regular m
332 Van: 594.238737 166.453471 614.58561 194.326611 2 0 21 2.257515 1.636975 5.201397 -0.505072 1.771144 61.472424 Outside Regular s
334 Car: 578.418781 179.701828 606.941338 202.077281 0 0 8 1.257322 1.595193 3.559196 -1.091453 1.675811 42.897766 Outside Regular m
334 Car: 496.239356 178.60865 529.810354 203.35769 0 0 13 1.373648 1.632677 3.574279 -5.679393 1.725645 42.362585 Outside Regular m
334 Car: 40.943366 180.265587 394.545318 374.0 0 0 14 1.59008 1.654719 3.843177 -3.707357 1.677663 7.587891 Inside Regular m
334 Van: 590.279976 164.643849 610.599753 192.478481 2 0 21 2.257515 1.636975 5.201397 -0.836864 1.622532 61.550399 Outside Regular s
336 Car: 574.35219 178.141919 602.469303 200.223619 0 0 8 1.257322 1.595193 3.559196 -1.360664 1.590851 43.440542 Outside Regular m
336 Car: 489.751089 176.652968 524.455034 201.798118 0 0 13 1.373648 1.632677 3.574279 -5.93399 1.612091 41.716326 Outside Regular m
336 Car: 102.458017 178.528036 408.630653 360.31488 0 0 14 1.59008 1.654719 3.843177 -3.724365 1.669555 8.30463 Inside Regular m
336 Van: 586.197667 163.173113 606.496016 190.976392 2 0 21 2.257515 1.636975 5.201397 -1.181877 1.50147 61.613234 Outside Regular s
336 Car: 440.001885 169.786991 466.627689 189.321544 0 0 25 1.67024 1.632567 3.762583 -13.919802 1.433931 64.195924 Outside Regular s
338 Car: 570.365364 179.776916 598.034642 201.650802 0 0 8 1.257322 1.595193 3.559196 -1.627857 1.689316 43.844889 Outside Regular m
338 Car: 483.378974 181.090644 519.241992 206.69506 0 0 13 1.373648 1.632677 3.574279 -6.170131 1.852434 41.067002 Outside Regular m
338 Car: 151.553549 177.139371 420.87566 340.527645 0 0 14 1.59008 1.654719 3.843177 -3.741374 1.661448 9.021369 Inside Regular m
338 Van: 583.340632 165.765591 603.618252 193.542214 2 0 21 2.257515 1.636975 5.201397 -1.427203 1.713089 61.674789 Outside Regular s
338 Car: 419.760877 174.337688 450.686949 196.236345 0 0 25 1.67024 1.632567 3.762583 -13.902139 1.813413 57.483341 Outside Regular m
340 Car: 566.572118 181.361532 593.916253 203.088791 0 0 8 1.257322 1.595193 3.559196 -1.876471 1.788976 44.224413 Outside Regular m
340 Car: 477.957194 184.620386 514.993374 211.004486 0 0 13 1.373648 1.632677 3.574279 -6.338803 2.051409 40.39598 Outside Regular m
340 Car: 193.564239 178.207571 432.097142 326.102182 0 0 14 1.59008 1.654719 3.843177 -3.754884 1.677499 9.764768 Inside Regular m
340 Van: 581.387612 168.78114 601.644799 196.532812 2 0 21 2.257515 1.636975 5.201397 -1.603345 1.959905 61.735024 Outside Regular s
340 Car: 395.142921 177.87595 431.799468 202.801192 0 0 25 1.67024 1.632567 3.762583 -13.796089 2.039368 50.742685 Outside Regular m
342 Car: 563.477103 183.969228 590.514121 205.669823 0 0 8 1.257322 1.595193 3.559196 -2.089809 1.963015 44.715793 Outside Regular m
342 Car: 473.527112 187.553717 511.749148 214.702477 0 0 13 1.373648 1.632677 3.574279 -6.440004 2.209016 39.703259 Outside Regular m
342 Car: 229.948708 180.886776 442.40332 315.777642 0 0 14 1.59008 1.654719 3.843177 -3.764898 1.71771 10.534827 Inside Regular m
342 Van: 580.336061 172.21834 600.572412 199.947337 2 0 21 2.257515 1.636975 5.201397 -1.710303 2.241919 61.793939 Outside Regular s
342 Car: 362.358987 181.726754 407.111565 210.755276 2 0 25 1.67024 1.632567 3.762583 -13.703588 2.223241 43.992763 Outside Regular m
344 Car: 560.629766 184.392112 587.364873 205.881524 0 0 8 1.257322 1.595193 3.559196 -2.292608 1.998191 45.209294 Outside Regular m
344 Car: 468.807506 187.133176 508.761086 214.799619 0 0 13 1.373648 1.632677 3.574279 -6.521987 2.169774 38.937536 Outside Regular m
344 Car: 260.375638 182.61041 451.509054 307.146628 0 0 14 1.59008 1.654719 3.843177 -3.774911 1.757921 11.304886 Inside Regular m
344 Van: 579.21942 171.413593 599.530862 199.112645 2 0 21 2.257515 1.636975 5.201397 -1.81493 2.17582 61.856647 Outside Regular s
344 Car: 318.016445 182.820322 374.750961 217.494687 2 0 25 1.67024 1.632567 3.762583 -13.570896 2.199826 37.259504 Inside Regular m
346 Car: 557.603887 180.60888 584.042838 201.557584 0 0 8 1.257322 1.595193 3.559196 -2.510324 1.757884 45.705005 Outside Regular m
346 Car: 463.259258 186.04369 504.934063 214.277649 0 0 13 1.373648 1.632677 3.574279 -6.618752 2.092081 38.050492 Outside Regular m
346 Car: 286.197531 184.144559 459.612535 299.82404 0 0 14 1.59008 1.654719 3.843177 -3.784925 1.798131 12.074944 Inside Regular m
346 Van: 577.951603 169.451538 598.57644 197.117548 2 0 21 2.257515 1.636975 5.201397 -1.912565 2.014299 61.92083 Outside Regular s
346 Car: 302.911426 181.24651 359.755025 207.855655 2 2 23 1.437776 1.577455 4.337376 -16.069063 1.934828 41.747037 Inside Regular m
346 Car: 254.046249 179.644298 329.991045 222.151057 1 0 25 1.67024 1.632567 3.762583 -13.398012 1.969125 30.542908 Inside Regular m
348 Car: 552.751957 183.423477 578.927248 204.370313 0 0 8 1.257322 1.595193 3.559196 -2.850374 1.948907 46.16201 Outside Regular m
348 Car: 456.913651 187.857371 499.810309 217.026242 0 0 13 1.373648 1.632677 3.574279 -6.749517 2.172787 37.11513 Outside Regular m
348 Car: 308.386289 185.518842 466.870602 293.533314 0 0 14 1.59008 1.654719 3.843177 -3.794938 1.838342 12.845003 Inside Regular m
348 Van: 576.038811 172.598525 596.922886 200.244416 1 0 21 2.257515 1.636975 5.201397 -2.067804 2.273432 61.977463 Outside Regular s
348 Car: 243.955427 188.237509 316.415023 220.462388 1 0 23 1.437776 1.577455 4.337376 -16.28631 2.233422 35.789593 Outside Regular m
348 Car: 145.836798 185.191445 257.096762 241.648818 0 0 25 1.67024 1.632567 3.762583 -13.360706 2.097986 23.779949 Inside Regular m
350 Car: 549.164352 186.576299 575.09292 207.577183 0 0 8 1.257322 1.595193 3.559196 -3.124936 2.166762 46.595242 Outside Regular m
350 Car: 449.772351 187.641238 494.073425 217.616116 1 0 13 1.373648 1.632677 3.574279 -6.893066 2.141086 36.140744 Outside Regular m
350 Car: 327.085952 185.507686 473.347929 286.646721 0 0 14 1.59008 1.654719 3.843177 -3.802165 1.851124 13.586998 Inside Regular m
350 Van: 573.46549 173.699065 594.241636 201.322229 1 0 21 2.257515 1.636975 5.201397 -2.295235 2.364218 62.031503 Outside Regular s
350 Car: 382.009284 183.681484 412.186727 201.842435 2 2 22 1.429758 1.581347 3.664346 -17.664932 2.345517 59.936115 Outside Regular m
350 Car: 156.134894 190.912764 255.667053 231.685554 0 0 23 1.437776 1.577455 4.337376 -16.148133 2.204853 29.027642 Outside Regular m
350 Car: 0.0 186.447287 134.279385 268.077985 0 0 25 1.67024 1.632567 3.762583 -13.230562 2.013888 16.939463 Inside Regular m
352 Car: 543.293933 182.196736 568.916735 202.581964 0 0 8 1.257322 1.595193 3.559196 -3.558144 1.879752 47.151496 Outside Regular m
352 Car: 441.740192 185.234818 487.656924 215.859038 1 0 13 1.373648 1.632677 3.574279 -7.049399 1.996977 35.127335 Outside Regular m
352 Car: 343.047662 184.300867 479.18587 279.225492 0 0 14 1.59008 1.654719 3.843177 -3.806607 1.836478 14.30093 Inside Regular m
352 Van: 570.931123 170.724714 591.291135 198.315367 0 0 21 2.257515 1.636975 5.201397 -2.532597 2.118693 62.088178 Outside Regular s
352 Car: 353.697687 179.154741 389.254745 199.345892 2 0 22 1.429758 1.581347 3.664346 -17.679482 1.910123 53.550002 Inside Regular m
352 Car: 6.960339 186.537006 158.359317 239.998043 0 0 23 1.437776 1.577455 4.337376 -16.117552 1.887695 22.302378 Outside Regular m
354 Car: 538.418654 181.913559 563.812952 202.084152 0 0 8 1.257322 1.595193 3.559196 -3.904534 1.865959 47.582778 Outside Regular m
354 Car: 433.202884 182.693342 480.879387 213.991131 2 0 13 1.373648 1.632677 3.574279 -7.205733 1.852868 34.113926 Outside Regular m
354 Car: 357.269497 183.19558 484.532159 272.614235 0 0 14 1.59008 1.654719 3.843177 -3.811048 1.821831 15.014862 Inside Regular m
354 Van: 568.008213 169.381477 588.141631 196.957571 0 0 21 2.257515 1.636975 5.201397 -2.789868 2.007665 62.113873 Outside Regular s
354 Car: 319.156757 179.16772 362.351465 202.429216 1 0 22 1.429758 1.581347 3.664346 -17.40874 1.851362 46.728248 Outside Regular m
356 Car: 534.802262 184.057698 560.081352 204.22473 0 0 8 1.257322 1.595193 3.559196 -4.153486 2.019375 47.98902 Outside Regular m
356 Car: 426.871258 182.764129 477.186305 215.263715 2 0 13 1.373648 1.632677 3.574279 -7.180607 1.840188 32.927673 Outside Regular m
356 Car: 370.021233 182.179529 489.446394 266.687208 0 0 14 1.59008 1.654719 3.843177 -3.815489 1.807184 15.728793 Inside Regular m
356 Van: 568.088366 171.322085 588.222243 198.902784 0 0 21 2.257515 1.636975 5.201397 -2.783729 2.167941 62.112051 Outside Regular s
356 Car: 271.86192 182.257324 326.328949 209.842298 1 0 22 1.429758 1.581347 3.664346 -17.156219 1.962422 39.903715 Outside Regular m
358 Car: 532.376273 183.786043 558.269352 203.755356 0 0 8 1.257322 1.595193 3.559196 -4.330609 2.007077 48.402149 Outside Regular m
358 Car: 420.040335 182.839942 473.230693 216.636791 2 0 13 1.373648 1.632677 3.574279 -7.155482 1.827508 31.74142 Inside Regular s
358 Car: 381.519616 181.242327 493.978912 261.343415 0 0 14 1.59008 1.654719 3.843177 -3.819931 1.792538 16.442725 Inside Regular m
358 Van: 567.824474 171.314554 587.959142 198.896008 0 0 21 2.257515 1.636975 5.201397 -2.805969 2.167325 62.110414 Outside Regular s
358 Car: 203.450518 182.8337 277.381069 216.339122 1 0 22 1.429758 1.581347 3.664346 -16.97294 1.904273 33.247534 Outside Regular m
360 Car: 531.109814 181.15656 557.51513 200.746513 0 0 8 1.257322 1.595193 3.559196 -4.435901 1.829064 48.822167 Outside Regular m
360 Car: 412.648574 182.921335 468.98357 218.122753 2 0 13 1.373648 1.632677 3.574279 -7.130356 1.814827 30.555167 Inside Regular m
360 Car: 393.28171 179.975684 499.409274 256.319564 0 0 14 1.59008 1.654719 3.843177 -3.784664 1.769353 17.116189 Inside Regular m
360 Van: 569.10547 170.051007 589.241 197.630562 0 0 21 2.257515 1.636975 5.201397 -2.681557 2.062889 62.108902 Outside Regular s
360 Car: 99.055081 181.566071 204.174799 224.071022 1 0 22 1.429758 1.581347 3.664346 -16.736106 1.760969 26.487949 Inside Regular m
362 Car: 532.778597 184.082157 559.474599 203.723403 0 0 8 1.257322 1.595193 3.559196 -4.350179 2.041216 49.245796 Outside Regular m
362 Car: 404.623888 183.008948 464.411531 219.736119 2 0 13 1.373648 1.632677 3.574279 -7.105231 1.802147 29.368913 Inside Regular m
362 Car: 405.364829 178.24707 505.678507 251.535914 0 0 14 1.59008 1.654719 3.843177 -3.709688 1.737632 17.749186 Inside Regular m
362 Van: 572.276364 169.479576 592.411086 197.058571 0 0 21 2.257515 1.636975 5.201397 -2.382113 2.015522 62.107328 Outside Regular s
362 Car: 0.0 182.869541 90.215222 239.342201 0 0 22 1.429758 1.581347 3.664346 -16.47072 1.721023 19.958383 Inside Regular m
364 Car: 534.215497 180.853071 560.608765 200.090049 0 0 8 1.257322 1.595193 3.559196 -4.296401 1.817019 49.635907 Outside Regular m
364 Car: 395.881279 183.103522 459.475862 221.494011 2 0 13 1.373648 1.632677 3.574279 -7.080105 1.789467 28.18266 Inside Regular m
364 Car: 415.881496 178.68824 511.227326 249.332514 0 0 14 1.59008 1.654719 3.843177 -3.63852 1.752124 18.342061 Inside Regular m
364 Van: 575.448526 168.907985 595.580565 196.486578 0 0 21 2.257515 1.636975 5.201397 -2.082669 1.968155 62.105754 Outside Regular s
366 Car: 535.966166 181.903288 562.040845 201.064446 0 0 8 1.257322 1.595193 3.559196 -4.219823 1.89677 50.023397 Outside Regular m
366 Car: 387.179797 184.606494 455.909722 225.221443 2 0 13 1.373648 1.632677 3.574279 -6.971229 1.830742 26.867532 Inside Regular m
366 Car: 425.070156 180.958596 516.149365 249.423445 0 0 14 1.59008 1.654719 3.843177 -3.571158 1.812831 18.894814 Inside Regular m
366 Van: 577.907471 169.980182 598.034901 197.553331 0 0 21 2.257515 1.636975 5.201397 -1.901091 2.056699 62.120696 Outside Regular s
368 Car: 537.688933 182.937923 563.451669 202.023309 0 0 8 1.257322 1.595193 3.559196 -4.143246 1.976522 50.410887 Outside Regular m
368 Car: 377.691858 187.902145 450.794105 231.573098 1 0 13 1.373648 1.632677 3.574279 -6.836807 1.930768 25.387222 Inside Regular m
368 Car: 433.679982 182.796855 520.816728 249.508641 0 0 14 1.59008 1.654719 3.843177 -3.503796 1.873538 19.447567 Inside Regular m
368 Van: 580.366333 171.051622 600.486769 198.619708 0 0 21 2.257515 1.636975 5.201397 -1.719514 2.145244 62.135637 Outside Regular s
370 Car: 539.384461 183.957318 564.841709 202.967007 0 0 8 1.257322 1.595193 3.559196 -4.066669 2.056273 50.798376 Outside Regular s
370 Car: 364.456496 188.030183 443.509474 234.473889 0 0 13 1.373648 1.632677 3.574279 -6.791935 1.906179 23.987839 Inside Regular m
370 Car: 441.451016 183.263439 526.26841 247.730492 0 0 14 1.59008 1.654719 3.843177 -3.439375 1.896719 20.079847 Inside Regular m
370 Van: 582.442551 172.122298 602.936137 199.685699 0 0 21 2.257515 1.636975 5.201397 -1.537936 2.233788 62.150578 Outside Regular s
370 Car: 527.622573 180.839121 542.395199 195.024806 1 0 26 1.477855 1.497295 2.189077 -8.009675 2.339852 77.120596 Outside Regular s
372 Car: 541.053389 184.961808 566.211418 203.895897 0 0 8 1.257322 1.595193 3.559196 -3.990091 2.136025 51.185866 Outside Regular m
372 Car: 349.139805 187.439824 435.399718 237.087227 0 0 13 1.373648 1.632677 3.574279 -6.728193 1.855253 22.511945 Inside Regular m
372 Car: 448.699524 183.704507 531.414757 246.072726 0 0 14 1.59008 1.654719 3.843177 -3.374953 1.9199 20.712126 Inside Regular m
372 Van: 584.242123 173.192201 605.382971 200.751295 0 0 21 2.257515 1.636975 5.201397 -1.356359 2.322333 62.165519 Outside Regular s
372 Car: 526.417549 179.948002 541.855903 194.755301 0 0 26 1.477855 1.497295 2.189077 -7.768177 2.214427 73.923397 Outside Regular s
374 Car: 542.429245 181.241582 567.575165 199.775028 0 0 8 1.257322 1.595193 3.559196 -3.919081 1.866848 51.531024 Outside Regular m
374 Car: 331.478006 186.773121 426.240429 240.100998 0 0 13 1.373648 1.632677 3.574279 -6.664452 1.804327 21.03605 Inside Regular m
374 Car: 455.301102 181.53699 535.173037 241.528388 0 0 14 1.59008 1.654719 3.843177 -3.326028 1.859253 21.31764 Inside Regular m
374 Van: 585.772886 169.673303 607.254611 197.219437 0 0 21 2.257515 1.636975 5.201397 -1.210569 2.031468 62.17977 Outside Regular s
374 Car: 525.304151 177.258659 541.490764 192.767319 0 0 26 1.477855 1.497295 2.189077 -7.493571 1.922459 70.609802 Outside Regular s
376 Car: 543.522393 172.335945 568.935661 190.700517 0 0 8 1.257322 1.595193 3.559196 -3.853637 1.248742 51.833849 Outside Regular m
376 Car: 309.845745 178.321288 415.083183 234.878763 0 0 13 1.373648 1.632677 3.574279 -6.614822 1.535834 19.532286 Inside Regular m
376 Car: 461.3447 176.317215 537.660718 234.337849 0 0 14 1.59008 1.654719 3.843177 -3.2926 1.71478 21.896387 Inside Regular m
376 Van: 587.034277 161.568744 608.552559 189.09335 0 0 21 2.257515 1.636975 5.201397 -1.100567 1.361192 62.193331 Outside Regular s
376 Car: 524.032093 167.885476 541.045339 184.153417 0 0 26 1.477855 1.497295 2.189077 -7.222981 1.041239 67.293627 Outside Regular m
378 Car: 546.791657 174.565829 572.314169 192.812811 0 0 8 1.257322 1.595193 3.559196 -3.637268 1.404157 52.157738 Outside Regular m
378 Car: 285.493805 180.192593 403.852983 241.925526 0 0 13 1.373648 1.632677 3.574279 -6.532874 1.566587 18.039329 Inside Regular m
378 Car: 467.444164 174.14588 540.257196 230.454059 0 0 14 1.59008 1.654719 3.843177 -3.254676 1.655832 22.508947 Inside Regular m
378 Van: 589.406312 162.389249 611.057717 189.910609 0 0 21 2.257515 1.636975 5.201397 -0.890714 1.428883 62.204144 Outside Regular s
378 Car: 523.135706 170.26685 541.005023 187.357022 2 0 26 1.477855 1.497295 2.189077 -6.926134 1.271328 64.129036 Outside Regular s
380 Car: 549.547131 174.482817 574.685552 192.573547 0 0 8 1.257322 1.595193 3.559196 -3.48101 1.399341 52.592786 Outside Regular m
380 Car: 256.248593 182.030185 390.782647 250.3905 0 0 13 1.373648 1.632677 3.574279 -6.450925 1.59734 16.546371 Inside Regular m
380 Car: 473.565527 175.006282 542.943959 229.611938 0 0 14 1.59008 1.654719 3.843177 -3.212257 1.682408 23.155318 Inside Regular m
380 Van: 591.780181 163.591723 613.540955 191.080117 0 0 21 2.257515 1.636975 5.201397 -0.68224 1.527349 62.280773 Outside Regular s
380 Car: 521.407106 171.351715 540.186504 189.285097 2 0 26 1.477855 1.497295 2.189077 -6.716205 1.37237 61.175368 Outside Regular s
382 Car: 552.255835 174.401214 577.019291 192.338345 0 0 8 1.257322 1.595193 3.559196 -3.324753 1.394525 53.027833 Outside Regular m
382 Car: 216.084773 184.304527 372.880774 261.903198 0 0 13 1.373648 1.632677 3.574279 -6.367162 1.628928 14.890934 Inside Regular m
382 Car: 481.404841 173.00048 547.759958 225.883858 0 0 14 1.59008 1.654719 3.843177 -3.104111 1.623479 23.84677 Inside Regular m
382 Van: 594.525758 162.73952 616.402115 190.159206 0 0 21 2.257515 1.636975 5.201397 -0.441259 1.454718 62.427279 Outside Regular s
382 Car: 519.210595 170.026818 539.082626 188.95862 2 0 26 1.477855 1.497295 2.189077 -6.501451 1.274346 58.000517 Outside Regular s
384 Car: 554.918949 174.320984 579.316275 192.107103 0 0 8 1.257322 1.595193 3.559196 -3.168495 1.389709 53.462881 Outside Regular m
384 Car: 164.165123 187.018899 349.47635 276.170114 0 0 13 1.373648 1.632677 3.574279 -6.332439 1.66046 13.300793 Inside Regular m
384 Car: 487.40609 173.187531 551.157397 224.451177 0 0 14 1.59008 1.654719 3.843177 -3.038878 1.629487 24.539775 Inside Regular m
384 Van: 597.258913 161.891448 619.249391 189.242818 0 0 21 2.257515 1.636975 5.201397 -0.200277 1.382087 62.573786 Outside Regular s
384 Car: 514.67282 171.745024 536.924417 191.804254 2 0 26 1.477855 1.497295 2.189077 -6.399434 1.414882 54.815587 Outside Regular s
384 Truck: 476.620577 157.656556 504.549174 183.362552 1 0 27 3.3219 2.347694 9.300677 -16.204734 1.404565 98.54451 Outside Regular s
386 Car: 555.602984 177.04038 579.767156 194.679782 0 0 8 1.257322 1.595193 3.559196 -3.151833 1.587076 53.895451 Outside Regular m
386 Car: 90.901905 190.557148 318.984728 296.467753 0 0 13 1.373648 1.632677 3.574279 -6.28154 1.692681 11.597354 Inside Regular m
386 Car: 491.731828 175.371969 553.244303 225.109542 0 0 14 1.59008 1.654719 3.843177 -3.016557 1.700433 25.234333 Inside Regular m
386 Van: 596.956871 165.240613 618.802565 192.532179 0 0 21 2.257515 1.636975 5.201397 -0.232851 1.659258 62.718275 Outside Regular s
386 Car: 508.523748 174.32688 532.932947 195.657777 2 0 26 1.477855 1.497295 2.189077 -6.389529 1.600653 51.617374 Outside Regular m
386 Truck: 464.523126 158.677214 496.009487 186.843921 0 0 27 3.3219 2.347694 9.300677 -16.133423 1.698579 90.344322 Outside Regular s
388 Car: 556.27576 179.715021 580.211086 197.210107 0 0 8 1.257322 1.595193 3.559196 -3.13517 1.784443 54.328021 Outside Regular m
388 Car: 0.0 192.486407 275.952814 320.862719 0 0 13 1.373648 1.632677 3.574279 -6.305171 1.682926 9.922682 Inside Regular m
388 Car: 495.807516 177.43009 555.227113 225.729824 0 0 14 1.59008 1.654719 3.843177 -2.994237 1.771379 25.928892 Inside Regular m
388 Van: 596.656184 168.573849 618.357852 195.805675 0 0 21 2.257515 1.636975 5.201397 -0.265425 1.93643 62.862763 Outside Regular s
388 Car: 500.412696 177.947522 526.765165 200.729776 2 0 26 1.477855 1.497295 2.189077 -6.471737 1.83166 48.405877 Outside Regular m
388 Truck: 449.866053 159.913718 485.856581 191.062222 0 0 27 3.3219 2.347694 9.300677 -16.062112 1.992593 82.144133 Outside Regular s
