4 Car: 1007.953857 226.963833 1241.0 374.0 0 1 0 1.271084 1.531925 3.951362 3.240017 1.603635 2.621542 Inside Regular s
6 Car: 1169.267198 252.938304 1241.0 374.0 0 2 0 1.271084 1.531925 3.951362 3.207508 1.602068 1.216831 Inside Regular s
6 Pedestrian: 755.52616 165.166596 773.859493 215.039482 0 0 1 1.76092 0.588953 0.82887 5.499701 1.496003 25.972156 Inside Regular s
6 Pedestrian: 774.730213 167.535995 786.063547 215.251255 0 0 2 1.663583 0.508878 0.598964 6.139143 1.48351 25.527446 Inside Regular s
8 Pedestrian: 761.145342 163.733432 780.478676 217.049327 0 0 1 1.76092 0.588953 0.82887 5.380566 1.466068 24.321027 Inside Regular s
8 Pedestrian: 785.684319 165.844603 802.017653 216.926878 0 0 2 1.663583 0.508878 0.598964 6.02121 1.440429 23.866312 Inside Regular s
10 Pedestrian: 768.946112 162.087817 788.946112 219.357353 0 0 1 1.76092 0.588953 0.82887 5.261432 1.436133 22.669898 Inside Regular s
10 Pedestrian: 793.929014 163.898029 813.59568 218.857244 0 0 2 1.663583 0.508878 0.598964 5.903278 1.397349 22.205179 Inside Regular s
12 Pedestrian: 779.308636 160.10394 804.641968 221.991508 0 0 1 1.76092 0.588953 0.82887 5.245739 1.404243 21.008405 Inside Regular s
12 Pedestrian: 807.896531 162.917996 827.896531 222.367353 0 0 2 1.663583 0.508878 0.598964 5.890242 1.390345 20.550455 Inside Regular s
12 Pedestrian: 201.344187 165.404154 219.344188 222.793642 0 0 4 1.907811 0.562833 0.739107 -13.60938 1.664002 24.434559 Inside Regular s
14 Pedestrian: 792.777338 162.267264 820.777338 229.591664 0 0 1 1.76092 0.588953 0.82887 5.231295 1.490447 19.345677 Inside Regular s
14 Pedestrian: 826.096338 164.514187 848.096337 229.258077 0 0 2 1.663583 0.508878 0.598964 5.896677 1.454333 18.895493 Inside Regular s
14 Pedestrian: 171.776639 168.122567 194.109972 228.770369 0 0 4 1.907811 0.562833 0.739107 -13.768984 1.762816 23.146254 Inside Regular s
16 Pedestrian: 809.246751 165.492746 842.913418 239.353851 0 0 1 1.76092 0.588953 0.82887 5.290317 1.592257 17.670804 Inside Regular s
16 Pedestrian: 847.801821 168.095721 875.468488 239.140058 0 0 2 1.663583 0.508878 0.598964 5.96015 1.557641 17.247991 Inside Regular s
16 Pedestrian: 140.502261 170.582145 164.002261 235.213472 0 0 4 1.907811 0.562833 0.739107 -13.833291 1.84459 21.747454 Inside Regular s
18 Pedestrian: 839.417592 164.405174 870.084259 246.197024 0 0 1 1.76092 0.588953 0.82887 5.348196 1.585814 15.997063 Inside Regular s
18 Pedestrian: 877.820307 167.034728 903.486972 245.696685 0 0 2 1.663583 0.508878 0.598964 6.025658 1.545927 15.606091 Inside Regular s
18 Pedestrian: 103.448014 166.260983 130.448014 234.186917 0 0 4 1.907811 0.562833 0.739107 -14.21332 1.726332 20.712395 Inside Regular s
20 Pedestrian: 864.098413 157.306117 902.76508 248.934169 0 0 1 1.76092 0.588953 0.82887 5.370025 1.468375 14.322561 Inside Regular s
20 Pedestrian: 917.397039 159.757756 946.730375 247.826066 0 0 2 1.663583 0.508878 0.598964 6.059745 1.421028 13.96873 Inside Regular s
20 Pedestrian: 62.220037 161.587351 89.886705 234.978841 0 0 4 1.907811 0.562833 0.739107 -14.270269 1.618544 19.202235 Inside Regular s
22 Pedestrian: 902.686299 152.839017 942.019631 257.006261 0 0 1 1.76092 0.588953 0.82887 5.418102 1.42861 12.647236 Inside Regular s
22 Pedestrian: 959.07533 158.310222 996.075332 258.632229 0 0 2 1.663583 0.508878 0.598964 6.069449 1.427225 12.298729 Inside Regular s
22 Pedestrian: 8.117157 163.875918 40.617158 241.491054 0 0 4 1.907811 0.562833 0.739107 -14.749521 1.690772 18.182422 Inside Regular s
24 Pedestrian: 934.512473 156.691947 991.512474 277.496586 0 0 1 1.76092 0.588953 0.82887 5.396895 1.531777 10.962702 Inside Regular s
24 Pedestrian: 1003.19369 163.422611 1041.527022 280.316077 0 0 2 1.663583 0.508878 0.598964 6.085006 1.534636 10.598988 Inside Regular s
26 Pedestrian: 989.877784 153.145138 1064.544452 296.34698 0 0 1 1.76092 0.588953 0.82887 5.386036 1.524911 9.312022 Inside Regular s
26 Pedestrian: 1079.463373 157.111088 1128.796707 297.077797 0 0 2 1.663583 0.508878 0.598964 6.055482 1.481394 8.900206 Inside Regular s
28 Pedestrian: 1091.873587 137.438831 1170.540256 316.06987 0 0 1 1.76092 0.588953 0.82887 5.38921 1.417495 7.545129 Inside Regular s
28 Pedestrian: 1173.971314 144.64578 1241.0 319.603432 0 0 2 1.663583 0.508878 0.598964 6.065771 1.396919 7.162751 Inside Regular s
28 Pedestrian: 426.720882 176.578536 439.720882 220.90969 0 0 3 1.55417 0.51742 0.504182 -6.344642 1.690741 25.63021 Inside Regular s
30 Pedestrian: 1205.716627 145.84573 1241.0 361.708125 0 1 1 1.76092 0.588953 0.82887 5.388579 1.537618 5.77997 Inside Regular s
30 Pedestrian: 414.63054 179.450006 430.63054 226.547443 0 0 3 1.55417 0.51742 0.504182 -6.327231 1.778127 24.139379 Inside Regular s
32 Pedestrian: 401.101153 179.281249 419.767819 229.51987 0 0 3 1.55417 0.51742 0.504182 -6.311074 1.759232 22.64555 Inside Regular s
32 Pedestrian: 336.051966 171.208945 355.051966 218.287192 0 0 5 1.853955 0.696828 0.692092 -10.541167 1.796378 28.857124 Inside Regular s
34 Pedestrian: 388.586132 172.997942 404.586132 226.840727 0 0 3 1.55417 0.51742 0.504182 -6.302373 1.563887 21.146251 Inside Regular s
34 Pedestrian: 313.873353 165.159161 335.873353 215.206779 0 0 5 1.853955 0.696828 0.692092 -10.754872 1.575299 27.165736 Inside Regular s
34 Misc: 809.174729 183.48454 855.064919 238.977551 0 0 6 1.202557 0.530632 1.706954 5.059081 1.454912 16.654739 Inside Regular s
36 Pedestrian: 370.929148 174.629737 390.595814 232.539162 0 0 3 1.55417 0.51742 0.504182 -6.295416 1.607539 19.678681 Inside Regular s
36 Pedestrian: 292.022516 168.114916 315.355849 221.379404 0 0 5 1.853955 0.696828 0.692092 -10.877532 1.695846 25.544309 Inside Regular s
36 Misc: 829.929974 184.162193 881.722154 245.479496 0 0 6 1.202557 0.530632 1.706954 5.096305 1.448236 15.170495 Inside Regular s
38 Pedestrian: 351.526161 177.692539 372.859495 240.27054 0 0 3 1.55417 0.51742 0.504182 -6.287571 1.680299 18.229067 Inside Regular s
38 Pedestrian: 269.389559 169.795709 286.38956 226.893683 0 0 5 1.853955 0.696828 0.692092 -11.018601 1.761724 23.852632 Inside Regular s
38 Misc: 854.972138 189.341143 914.631597 258.42003 0 0 6 1.202557 0.530632 1.706954 5.134458 1.529464 13.685332 Inside Regular s
40 Pedestrian: 327.759657 176.406554 353.09299 244.541347 0 0 3 1.55417 0.51742 0.504182 -6.314559 1.641031 16.762585 Inside Regular s
40 Pedestrian: 232.541893 167.12354 261.541893 228.647421 0 0 5 1.853955 0.696828 0.692092 -11.147443 1.688041 22.1622 Inside Regular s
40 Misc: 880.475856 191.506703 950.496142 269.468191 0 0 6 1.202557 0.530632 1.706954 5.108862 1.536468 12.266423 Inside Regular s
42 Pedestrian: 296.852964 177.058757 326.51963 251.824434 0 0 3 1.55417 0.51742 0.504182 -6.340993 1.647423 15.297909 Inside Regular s
42 Pedestrian: 198.4047 168.150478 226.404699 234.671288 0 0 5 1.853955 0.696828 0.692092 -11.326781 1.729756 20.525172 Inside Regular s
42 Misc: 912.142829 194.198837 996.568056 283.639392 0 0 6 1.202557 0.530632 1.706954 5.083265 1.543472 10.847513 Inside Regular s
42 Pedestrian: 448.912624 164.935768 464.912624 217.728458 0 0 7 1.874355 0.720012 0.504182 -5.578334 1.598382 25.968076 Inside Regular s
44 Pedestrian: 264.629649 179.404919 295.296314 262.195123 0 0 3 1.55417 0.51742 0.504182 -6.368461 1.683117 13.839167 Inside Regular s
44 Pedestrian: 157.838842 169.358146 185.505509 241.761152 0 0 5 1.853955 0.696828 0.692092 -11.506119 1.77147 18.888144 Inside Regular s
44 Misc: 952.19256 197.730999 1057.909227 302.528954 0 0 6 1.202557 0.530632 1.706954 5.060983 1.552179 9.438944 Inside Regular s
44 Pedestrian: 437.418226 165.6307 455.75156 221.602945 0 0 7 1.874355 0.720012 0.504182 -5.634498 1.637912 24.50497 Inside Regular s
46 Pedestrian: 222.907588 180.068264 256.907588 272.852609 0 0 3 1.55417 0.51742 0.504182 -6.398051 1.680975 12.375192 Inside Regular s
46 Pedestrian: 100.724421 170.250131 146.057754 249.633897 0 0 5 1.853955 0.696828 0.692092 -11.687988 1.80029 17.258949 Inside Regular s
46 Misc: 1004.4588 202.489201 1143.24062 328.86136 0 0 6 1.202557 0.530632 1.706954 5.042014 1.562588 8.040715 Inside Regular s
46 Pedestrian: 427.215511 166.415281 443.21551 225.972356 0 0 7 1.874355 0.720012 0.504182 -5.690662 1.677442 23.041864 Inside Regular s
48 Pedestrian: 169.513796 179.466418 206.513796 285.081786 0 0 3 1.55417 0.51742 0.504182 -6.428173 1.657357 10.901856 Inside Regular s
48 Pedestrian: 39.10041 168.626498 82.767078 256.496634 0 0 5 1.853955 0.696828 0.692092 -11.836537 1.771755 15.624918 Inside Regular s
48 Misc: 1076.134154 209.024891 1241.0 367.718953 0 0 6 1.202557 0.530632 1.706954 5.023045 1.572997 6.642486 Inside Regular s
48 Pedestrian: 406.236979 165.630134 428.23698 229.225012 0 0 7 1.874355 0.720012 0.504182 -5.789375 1.667118 21.594253 Inside Regular s
50 Pedestrian: 94.736845 180.705807 142.736843 302.49763 0 0 3 1.55417 0.51742 0.504182 -6.474401 1.660681 9.48913 Inside Regular s
50 Misc: 1180.495058 218.599308 1241.0 374.0 0 1 6 1.202557 0.530632 1.706954 5.004077 1.583407 5.244257 Inside Regular s
50 Pedestrian: 393.996946 165.392096 413.663613 233.613399 0 0 7 1.874355 0.720012 0.504182 -5.881046 1.675045 20.146346 Inside Regular s
52 Pedestrian: 10.058955 182.32228 61.392287 326.157065 0 0 3 1.55417 0.51742 0.504182 -6.520629 1.664005 8.076405 Inside Regular s
52 Pedestrian: 371.244987 165.427204 395.911653 238.98693 0 0 7 1.874355 0.720012 0.504182 -5.953593 1.690824 18.703738 Inside Regular s
52 Person: 1188.693861 197.880232 1241.0 327.800941 1 0 8 1.268051 0.550247 0.533478 6.342223 1.532614 7.372127 Inside Regular s
54 Pedestrian: 351.078221 165.032019 375.411555 244.818986 0 0 7 1.874355 0.720012 0.504182 -6.014058 1.696204 17.266723 Inside Regular s
56 Pedestrian: 321.83733 164.56448 349.837329 251.731505 0 0 7 1.874355 0.720012 0.504182 -6.074524 1.701584 15.829709 Inside Regular s
56 Cyclist: 752.019439 164.050846 798.29641 231.342466 0 0 9 1.799545 0.558938 1.790798 4.599352 1.570026 20.172027 Inside Regular s
58 Pedestrian: 288.14189 164.34547 320.808557 260.568026 0 0 7 1.874355 0.720012 0.504182 -6.143822 1.714128 14.364205 Inside Regular s
58 Cyclist: 761.065408 163.78151 806.252942 236.19287 0 0 9 1.799545 0.558938 1.790798 4.51386 1.58081 18.827282 Inside Regular s
60 Pedestrian: 243.714254 162.988331 283.380921 270.633616 0 0 7 1.874355 0.720012 0.504182 -6.222757 1.707998 12.866899 Inside Regular s
60 Cyclist: 771.724433 163.47156 815.244465 241.826241 0 0 9 1.799545 0.558938 1.790798 4.428368 1.591594 17.482537 Inside Regular s
60 Pedestrian: 732.214175 163.674728 748.880841 224.640114 0 0 10 1.840567 0.719425 0.504883 3.925574 1.568976 22.20029 Inside Regular s
60 Van: 585.542087 157.854742 635.841134 197.306993 1 0 22 2.459834 2.030007 5.34868 0.109117 1.554117 47.972168 Outside Regular s
62 Pedestrian: 190.235602 161.195497 233.902269 282.987241 0 0 7 1.874355 0.720012 0.504182 -6.313636 1.700265 11.401452 Inside Regular s
62 Cyclist: 781.006112 162.035886 829.009588 247.615808 0 0 9 1.799545 0.558938 1.790798 4.329101 1.579313 16.079132 Inside Regular s
62 Pedestrian: 741.961442 162.866471 755.961442 227.990327 0 0 10 1.840567 0.719425 0.504883 3.783287 1.563788 20.805428 Inside Regular s
62 Van: 578.136186 157.951642 630.060457 198.614294 1 0 22 2.459834 2.030007 5.34868 -0.316114 1.588315 46.616765 Outside Regular s
64 Pedestrian: 125.007042 156.924843 176.007041 296.662284 0 0 7 1.874355 0.720012 0.504182 -6.400743 1.665755 9.968483 Inside Regular s
64 Cyclist: 792.131124 160.309431 845.316835 254.579531 0 0 9 1.799545 0.558938 1.790798 4.229833 1.567032 14.675728 Inside Regular s
64 Pedestrian: 737.249259 161.940022 756.915926 231.831178 0 0 10 1.840567 0.719425 0.504883 3.641001 1.558601 19.410565 Inside Regular s
64 Van: 572.625067 156.565905 626.126492 198.568197 1 0 22 2.459834 2.030007 5.34868 -0.59872 1.535753 45.224417 Outside Regular s
66 Pedestrian: 34.814966 148.997104 102.481631 312.862777 0 0 7 1.874355 0.720012 0.504182 -6.472135 1.606071 8.536133 Inside Regular s
66 Cyclist: 807.030597 159.054985 866.475623 263.56807 0 0 9 1.799545 0.558938 1.790798 4.171531 1.568538 13.319238 Inside Regular s
66 Pedestrian: 741.502343 158.003146 762.16901 233.387957 0 0 10 1.840567 0.719425 0.504883 3.494706 1.483112 18.02088 Inside Regular s
66 Pedestrian: 908.399565 162.93157 934.732899 243.979941 0 0 14 1.711899 0.574157 0.505705 6.612859 1.505679 15.595281 Inside Regular s
66 Van: 566.843313 152.064123 622.046591 195.529573 1 0 22 2.459834 2.030007 5.34868 -0.875533 1.311363 43.832081 Outside Regular s
68 Cyclist: 826.842187 158.461443 893.84969 275.196391 0 0 9 1.799545 0.558938 1.790798 4.154195 1.583831 12.009664 Inside Regular s
68 Pedestrian: 748.279873 157.263663 769.613206 239.170476 0 0 10 1.840567 0.719425 0.504883 3.369389 1.495373 16.614461 Inside Regular s
68 Person: 1022.27058 203.507151 1084.890094 294.225847 1 0 11 1.139387 0.507531 0.500456 5.762131 1.552535 9.4614 Inside Regular s
68 Person: 1075.076417 204.977377 1142.128803 290.502513 2 0 12 1.049715 0.502101 0.5054 6.36122 1.474999 9.28557 Inside Regular s
68 Pedestrian: 1107.54921 150.123487 1158.215877 281.782943 1 0 13 1.850794 0.649889 0.546751 7.611735 1.536223 10.551011 Inside Regular s
68 Pedestrian: 930.603425 162.837822 961.270092 251.817028 0 0 14 1.711899 0.574157 0.505705 6.504794 1.522738 14.233999 Inside Regular s
68 Pedestrian: 313.790138 166.514769 338.790138 236.077782 0 0 16 1.698423 0.448413 1.055295 -7.246124 1.551144 18.187206 Inside Regular s
68 Van: 560.316313 153.504108 617.405495 198.464895 1 0 22 2.459834 2.030007 5.34868 -1.171487 1.43063 42.441714 Outside Regular s
70 Cyclist: 851.701553 157.713065 927.681669 289.893272 0 0 9 1.799545 0.558938 1.790798 4.136859 1.599123 10.700091 Inside Regular s
70 Pedestrian: 753.010113 160.653094 780.343445 250.27768 0 0 10 1.840567 0.719425 0.504883 3.264594 1.595503 15.215968 Inside Regular s
70 Person: 1085.584292 210.546375 1164.249309 318.51871 0 0 11 1.139387 0.507531 0.500456 5.666884 1.572044 8.021403 Inside Regular s
70 Person: 1145.965443 216.224554 1228.256552 315.680245 2 0 12 1.049715 0.502101 0.5054 6.400498 1.550968 8.074834 Inside Regular s
70 Pedestrian: 1172.974295 151.671192 1231.307628 303.258514 1 0 13 1.850794 0.649889 0.546751 7.593771 1.597308 9.197616 Inside Regular s
70 Pedestrian: 953.647543 163.363445 988.980875 261.941243 0 0 14 1.711899 0.574157 0.505705 6.407134 1.550975 12.878809 Inside Regular s
70 Pedestrian: 929.707913 166.021979 958.707912 253.112476 0 0 15 1.687999 0.387649 0.507624 6.539289 1.560209 14.253257 Inside Regular s
70 Pedestrian: 285.360531 170.084216 317.360531 244.208749 0 0 16 1.698423 0.448413 1.055295 -7.362461 1.642776 17.101141 Inside Regular s
70 Pedestrian: 364.980971 168.142585 388.980971 241.935051 0 0 17 1.79814 0.702424 0.576164 -5.874352 1.68968 17.98972 Inside Regular s
70 Van: 553.68382 153.35168 612.799794 199.939458 1 0 22 2.459834 2.030007 5.34868 -1.447508 1.460054 41.047223 Outside Regular s
72 Cyclist: 890.942949 152.430264 976.238473 304.634864 0 0 9 1.799545 0.558938 1.790798 4.206128 1.563317 9.398211 Inside Regular s
72 Pedestrian: 763.680242 157.629005 790.013574 256.053917 0 0 10 1.840567 0.719425 0.504883 3.166349 1.561169 13.886933 Inside Regular s
72 Person: 1176.020627 217.546376 1241.0 350.551077 0 0 11 1.139387 0.507531 0.500456 5.576807 1.563084 6.581371 Inside Regular s
72 Pedestrian: 987.926464 161.082199 1028.593129 271.282332 0 0 14 1.711899 0.574157 0.505705 6.31437 1.532842 11.548854 Inside Regular s
72 Pedestrian: 960.37436 164.230607 995.041028 260.872439 0 0 15 1.687999 0.387649 0.507624 6.487882 1.541955 12.870024 Inside Regular s
72 Pedestrian: 258.830933 171.170972 287.830934 250.490407 0 0 16 1.698423 0.448413 1.055295 -7.47449 1.670301 16.015745 Inside Regular s
72 Pedestrian: 340.433232 167.54778 363.766566 247.88233 0 0 17 1.79814 0.702424 0.576164 -5.983129 1.685682 16.553236 Inside Regular s
72 Cyclist: 496.451779 167.383813 529.717582 216.335271 0 0 20 1.825707 0.541881 1.725076 -3.753211 1.630945 27.806578 Outside Regular s
72 Van: 546.55299 153.18784 607.88972 201.525173 1 0 22 2.459834 2.030007 5.34868 -1.72353 1.489478 39.652732 Outside Regular s
74 Cyclist: 943.417643 145.267751 1039.708093 324.629885 0 0 9 1.799545 0.558938 1.790798 4.275397 1.527511 8.096331 Inside Regular s
74 Pedestrian: 773.369994 154.408104 805.036659 263.678418 0 0 10 1.840567 0.719425 0.504883 3.068453 1.535006 12.543657 Inside Regular s
74 Pedestrian: 1034.253986 158.188964 1078.920653 283.110998 0 0 14 1.711899 0.574157 0.505705 6.221606 1.514708 10.2189 Inside Regular s
74 Pedestrian: 994.751366 162.750623 1029.418033 271.5322 1 0 15 1.687999 0.387649 0.507624 6.43985 1.535643 11.466802 Inside Regular s
74 Pedestrian: 230.113048 169.651023 261.779716 255.20973 0 0 16 1.698423 0.448413 1.055295 -7.544509 1.642648 14.885774 Inside Regular s
74 Pedestrian: 308.118609 166.923725 334.785274 255.07345 0 0 17 1.79814 0.702424 0.576164 -6.091888 1.683453 15.116734 Inside Regular s
74 Cyclist: 483.99689 166.383781 518.271734 218.721519 0 0 20 1.825707 0.541881 1.725076 -3.951183 1.609728 26.065395 Inside Regular s
74 Van: 538.865328 153.011246 602.644175 203.235092 1 0 22 2.459834 2.030007 5.34868 -1.999552 1.518902 38.258241 Outside Regular s
76 Cyclist: 1018.265619 142.225689 1135.234129 359.413253 0 0 9 1.799545 0.558938 1.790798 4.401095 1.549509 6.808169 Inside Regular s
76 Pedestrian: 790.77885 151.693543 828.112182 274.595436 0 0 10 1.840567 0.719425 0.504883 2.990523 1.528556 11.193722 Inside Regular s
76 Pedestrian: 1075.566937 159.795136 1125.233604 304.486359 1 0 14 1.711899 0.574157 0.505705 6.134229 1.561754 8.860742 Inside Regular s
76 Pedestrian: 1053.809535 161.708256 1091.142869 286.391646 1 0 15 1.687999 0.387649 0.507624 6.395195 1.541274 10.04359 Inside Regular s
76 Pedestrian: 195.103743 168.994928 227.770409 262.179216 0 0 16 1.698423 0.448413 1.055295 -7.627975 1.635859 13.710447 Inside Regular s
76 Pedestrian: 271.68728 164.281388 308.020614 261.924185 0 0 17 1.79814 0.702424 0.576164 -6.201015 1.646349 13.680597 Inside Regular s
76 Cyclist: 469.724757 165.236729 505.217177 221.458445 0 0 20 1.825707 0.541881 1.725076 -4.149155 1.588511 24.324212 Inside Regular s
76 Van: 530.55281 152.820337 597.027673 205.084396 1 0 22 2.459834 2.030007 5.34868 -2.275573 1.548326 36.86375 Outside Regular s
76 Cyclist: 582.433572 168.769413 624.019624 208.697353 0 0 30 1.815299 0.589697 1.89023 -0.337754 1.631282 33.561057 Outside Regular s
78 Cyclist: 1129.234448 137.597344 1241.0 374.0 0 0 9 1.799545 0.558938 1.790798 4.526794 1.571507 5.520008 Inside Regular s
78 Pedestrian: 811.909423 149.114815 850.242755 289.451973 0 0 10 1.840567 0.719425 0.504883 2.932211 1.53365 9.851371 Inside Regular s
78 Pedestrian: 1137.452004 160.318363 1182.785339 306.341475 1 0 15 1.687999 0.387649 0.507624 6.35054 1.546904 8.620378 Inside Regular s
78 Pedestrian: 152.866842 170.285142 189.866841 272.426751 0 0 16 1.698423 0.448413 1.055295 -7.691483 1.663585 12.554358 Inside Regular s
78 Pedestrian: 228.3606 165.570887 266.027268 274.210427 0 0 17 1.79814 0.702424 0.576164 -6.265552 1.683934 12.326898 Inside Regular s
78 Person: 109.135883 201.073027 159.064331 251.347197 0 0 19 1.116007 0.639637 0.721271 -11.038786 1.781572 16.676894 Inside Regular s
78 Cyclist: 453.899687 167.399831 490.866566 228.143004 0 0 20 1.825707 0.541881 1.725076 -4.324421 1.672406 22.576501 Inside Regular s
78 Van: 522.923775 154.290435 592.264985 208.719644 0 0 22 2.459834 2.030007 5.34868 -2.487875 1.653246 35.486613 Outside Regular s
78 Pedestrian: 814.398122 153.586006 854.064789 268.090293 0 0 26 1.865609 0.580565 0.795423 3.895897 1.556528 12.198137 Inside Regular s
78 Cyclist: 587.906181 171.24522 629.767914 212.41751 0 0 30 1.815299 0.589697 1.89023 -0.073961 1.748495 32.636157 Outside Regular s
80 Pedestrian: 835.894685 145.698039 884.561351 309.234822 0 0 10 1.840567 0.719425 0.504883 2.873899 1.538744 8.509019 Inside Regular s
80 Pedestrian: 1199.86368 160.303457 1241.0 332.250668 0 1 15 1.687999 0.387649 0.507624 6.32518 1.565605 7.266133 Inside Regular s
80 Pedestrian: 101.300846 171.996072 154.300848 284.603547 0 0 16 1.698423 0.448413 1.055295 -7.744922 1.69348 11.43659 Inside Regular s
80 Pedestrian: 180.599516 166.447449 222.266182 288.862237 0 0 17 1.79814 0.702424 0.576164 -6.330205 1.710563 10.973315 Inside Regular s
80 Person: 860.294188 192.579529 944.727059 277.283372 1 0 18 1.292694 0.509427 1.113775 4.578869 1.616176 11.436768 Inside Regular s
80 Person: 55.707485 205.382271 112.154907 260.55785 0 0 19 1.116007 0.639637 0.721271 -11.172062 1.819571 15.2691 Inside Regular s
80 Cyclist: 435.732537 166.137541 474.635637 232.47866 0 0 20 1.825707 0.541881 1.725076 -4.470072 1.651808 20.748204 Inside Regular s
80 Van: 514.629129 155.88964 587.144596 212.672902 0 0 22 2.459834 2.030007 5.34868 -2.700177 1.758166 34.109475 Outside Regular s
80 Pedestrian: 850.154393 152.941305 893.154392 284.253745 1 0 26 1.865609 0.580565 0.795423 3.941395 1.587114 10.694555 Inside Regular s
80 Cyclist: 593.749704 172.9075 635.673991 215.375727 0 0 30 1.815299 0.589697 1.89023 0.187026 1.823545 31.714722 Outside Regular s
82 Pedestrian: 872.894487 139.754707 934.894486 335.875551 0 0 10 1.840567 0.719425 0.504883 2.834216 1.53302 7.157888 Inside Regular s
82 Pedestrian: 42.429558 168.92377 95.762891 293.674578 0 0 16 1.698423 0.448413 1.055295 -7.7991 1.652731 10.373997 Inside Regular s
82 Pedestrian: 107.490116 162.712287 163.156785 304.362633 0 0 17 1.79814 0.702424 0.576164 -6.400958 1.675955 9.523674 Inside Regular s
82 Person: 889.816235 192.550106 987.432321 288.88712 1 0 18 1.292694 0.509427 1.113775 4.533219 1.578819 10.085763 Inside Regular s
82 Person: 0.0 205.964859 58.4037 266.879403 0 0 19 1.116007 0.639637 0.721271 -11.254966 1.767452 13.859199 Inside Regular m
82 Cyclist: 413.918234 164.622967 455.381355 237.720364 0 0 20 1.825707 0.541881 1.725076 -4.615723 1.63121 18.919907 Inside Regular s
82 Van: 507.497363 152.105142 583.749194 211.437512 0 0 22 2.459834 2.030007 5.34868 -2.824284 1.632372 32.771386 Outside Regular s
82 Person: 163.028285 185.579045 212.907998 242.399645 2 0 23 1.333559 0.629362 0.822298 -10.209512 1.647365 17.389801 Inside Regular s
82 Pedestrian: 209.433822 171.835388 233.433822 242.023931 0 0 25 1.684078 0.521553 0.505878 -9.493859 1.665131 17.597984 Inside Regular s
82 Pedestrian: 877.450967 150.722781 941.784301 303.327303 1 0 26 1.865609 0.580565 0.795423 3.893049 1.59769 9.271222 Inside Regular s
82 Pedestrian: 826.235298 196.164583 857.901964 282.662203 0 0 27 1.175227 0.363199 0.6068 3.286411 1.516388 10.272741 Inside Regular s
82 Cyclist: 599.086629 170.171121 641.271877 213.884429 0 0 30 1.815299 0.589697 1.89023 0.415344 1.707628 30.810468 Outside Regular s
84 Pedestrian: 923.125939 131.959492 1008.125937 374.0 0 0 10 1.840567 0.719425 0.504883 2.798835 1.535377 5.810642 Inside Regular s
84 Pedestrian: 0.0 170.083867 57.701237 306.844836 0 0 16 1.698423 0.448413 1.055295 -7.852651 1.670721 9.365227 Inside Regular s
84 Pedestrian: 18.093602 161.12392 85.760271 326.771337 0 0 17 1.79814 0.702424 0.576164 -6.46417 1.677333 8.200618 Inside Regular s
84 Person: 928.194038 192.511854 1043.743396 304.186173 2 0 18 1.292694 0.509427 1.113775 4.48757 1.541463 8.734757 Inside Regular s
84 Cyclist: 387.123408 163.413461 433.463572 244.613263 0 0 20 1.825707 0.541881 1.725076 -4.755164 1.624575 17.121978 Inside Regular s
84 Cyclist: 409.459719 167.157684 449.318661 234.610901 1 0 21 1.770449 0.593923 1.924228 -5.011191 1.633617 19.959498 Inside Regular s
84 Van: 498.851307 151.550628 579.397657 213.669127 0 0 22 2.459834 2.030007 5.34868 -2.97986 1.649416 31.413723 Inside Regular s
84 Person: 123.963805 187.999736 178.962869 249.286292 0 0 23 1.333559 0.629362 0.822298 -10.302094 1.680643 16.149722 Inside Regular s
84 Person: 151.652324 186.213358 214.340521 243.922086 1 0 24 1.327843 0.507432 1.207428 -10.092721 1.650942 16.985495 Inside Regular s
84 Pedestrian: 171.219011 172.387356 192.885677 248.913627 0 0 25 1.684078 0.521553 0.505878 -9.5464 1.679316 16.163048 Inside Regular s
84 Pedestrian: 938.042652 144.280902 1003.042652 329.687839 0 0 26 1.865609 0.580565 0.795423 3.970503 1.584774 7.667504 Inside Regular s
84 Pedestrian: 861.140749 200.744535 908.474081 302.874548 0 0 27 1.175227 0.363199 0.6068 3.243701 1.526058 8.779848 Inside Regular s
84 Pedestrian: 886.754395 199.929912 925.754396 302.085122 0 0 28 1.176887 0.377097 0.654289 3.576695 1.517935 8.780921 Inside Regular s
84 Cyclist: 603.55928 169.383879 646.357167 214.429572 0 0 30 1.815299 0.589697 1.89023 0.601587 1.679507 29.935153 Outside Regular s
84 Car: 427.125993 177.134649 498.306331 201.67814 0 0 67 1.436607 1.615587 3.914116 -8.9712 1.721222 43.903968 Outside Regular s
86 Pedestrian: 1007.524286 122.544425 1132.190956 374.0 0 0 10 1.840567 0.719425 0.504883 2.749128 1.556633 4.476058 Inside Regular s
86 Cyclist: 353.644649 162.626454 408.13761 253.726859 0 0 20 1.825707 0.541881 1.725076 -4.888395 1.631902 15.354416 Inside Regular s
86 Cyclist: 381.830822 166.235645 428.109553 240.60588 1 0 21 1.770449 0.593923 1.924228 -5.181673 1.62553 18.191932 Inside Regular s
86 Van: 489.35624 150.940892 574.682457 216.120082 0 0 22 2.459834 2.030007 5.34868 -3.135435 1.666459 30.05606 Inside Regular m
86 Person: 70.402622 191.068369 132.38339 258.613715 0 0 23 1.333559 0.629362 0.822298 -10.415525 1.714316 14.719416 Inside Regular m
86 Person: 107.436129 187.800746 176.463176 250.681413 1 0 24 1.327843 0.507432 1.207428 -10.179076 1.660619 15.628066 Inside Regular s
86 Pedestrian: 125.681648 173.048878 154.348315 257.179625 0 0 25 1.684078 0.521553 0.505878 -9.598941 1.6935 14.728113 Inside Regular s
86 Pedestrian: 1038.560408 135.097294 1128.123554 371.548585 2 0 26 1.865609 0.580565 0.795423 4.001005 1.572468 6.178027 Inside Regular s
86 Pedestrian: 905.780187 207.116981 958.780187 331.754366 0 0 27 1.175227 0.363199 0.6068 3.200991 1.535728 7.286954 Inside Regular s
86 Pedestrian: 940.555705 206.520935 978.555707 330.444531 0 0 28 1.176887 0.377097 0.654289 3.587124 1.533579 7.331098 Inside Regular s
86 Person: 264.641124 185.944333 305.030403 234.461507 0 0 29 1.366296 0.66257 0.841408 -9.420537 1.751593 20.823719 Inside Regular s
86 Cyclist: 608.257708 171.174969 651.190432 217.607463 0 0 30 1.815299 0.589697 1.89023 0.776782 1.754315 29.086475 Outside Regular s
86 Pedestrian: 908.675964 165.749132 930.675964 222.214198 1 0 31 1.67207 0.50043 0.608445 9.143831 1.466564 21.696527 Inside Regular s
86 Car: 415.016713 178.072317 488.654988 203.38907 1 0 67 1.436607 1.615587 3.914116 -9.33733 1.76702 42.555038 Outside Regular s
88 Pedestrian: 1115.538959 106.758577 1241.0 374.0 0 1 10 1.840567 0.719425 0.504883 2.699421 1.577889 3.141475 Inside Regular s
88 Cyclist: 310.879636 161.621234 376.61776 265.372281 0 0 20 1.825707 0.541881 1.725076 -5.021626 1.639229 13.586855 Inside Regular s
88 Cyclist: 347.894837 165.103058 402.588123 247.971022 1 0 21 1.770449 0.593923 1.924228 -5.352154 1.617442 16.424365 Inside Regular s
88 Van: 478.543702 149.289973 569.136202 217.74933 0 0 22 2.459834 2.030007 5.34868 -3.311274 1.647017 28.741123 Inside Regular m
88 Person: 10.157924 191.22832 80.539415 265.84758 0 0 23 1.333559 0.629362 0.822298 -10.495025 1.683018 13.359868 Inside Regular m
88 Person: 54.239996 189.318439 131.155414 258.511501 1 0 24 1.327843 0.507432 1.207428 -10.253511 1.662299 14.243153 Inside Regular m
88 Pedestrian: 70.393958 171.714968 104.727291 264.750246 0 0 25 1.684078 0.521553 0.505878 -9.685235 1.668952 13.345622 Inside Regular s
88 Pedestrian: 976.482768 215.171384 1052.816099 373.787874 0 0 27 1.175227 0.363199 0.6068 3.218929 1.535393 5.829199 Inside Regular s
88 Pedestrian: 1031.526489 213.458285 1108.193159 370.612293 0 0 28 1.176887 0.377097 0.654289 3.643312 1.525677 5.879738 Inside Regular s
88 Person: 235.142333 185.163517 279.258835 237.234105 0 0 29 1.366296 0.66257 0.841408 -9.530015 1.704694 19.415601 Inside Regular m
88 Cyclist: 613.041112 170.783461 655.472255 218.638196 0 0 30 1.815299 0.589697 1.89023 0.933042 1.742222 28.272738 Outside Regular s
88 Pedestrian: 922.18234 165.444396 944.849007 225.433917 1 0 31 1.67207 0.50043 0.608445 9.044704 1.470399 20.437579 Inside Regular s
88 Car: 404.689366 176.403108 480.976559 202.614194 2 0 67 1.436607 1.615587 3.914116 -9.548431 1.664522 41.175757 Outside Regular s
90 Cyclist: 258.207448 160.660339 339.996762 280.913459 0 0 20 1.825707 0.541881 1.725076 -5.101686 1.651802 11.839052 Inside Regular s
90 Cyclist: 306.980434 164.913091 372.893137 258.555364 1 0 21 1.770449 0.593923 1.924228 -5.483962 1.632953 14.644672 Inside Regular s
90 Van: 466.82225 148.252891 563.326249 220.367638 0 0 22 2.459834 2.030007 5.34868 -3.47714 1.654909 27.415684 Inside Regular s
90 Person: 0.0 190.753815 75.757477 267.819643 1 0 24 1.327843 0.507432 1.207428 -10.316025 1.655981 12.830757 Inside Regular s
90 Pedestrian: 5.867849 170.079017 42.867849 273.594316 0 0 25 1.684078 0.521553 0.505878 -9.782276 1.644388 12.023208 Inside Regular s
90 Pedestrian: 1089.197459 227.698482 1233.174901 374.0 0 0 27 1.175227 0.363199 0.6068 3.297805 1.534395 4.406513 Inside Regular s
90 Pedestrian: 1157.957106 230.134741 1241.0 374.0 0 1 28 1.176887 0.377097 0.654289 3.767558 1.554747 4.436016 Inside Regular s
90 Person: 202.308534 184.599672 250.672203 240.591383 0 0 29 1.366296 0.66257 0.841408 -9.642785 1.667407 18.072438 Inside Regular s
90 Cyclist: 618.209193 170.368024 659.915638 219.729018 0 0 30 1.815299 0.589697 1.89023 1.089301 1.73013 27.459001 Outside Regular s
90 Pedestrian: 941.369959 165.099264 964.036626 229.082719 1 0 31 1.67207 0.50043 0.608445 8.945578 1.474234 19.178631 Inside Regular s
90 Pedestrian: 884.408266 165.769893 906.408267 224.692007 0 0 32 1.693696 0.590506 0.834954 8.326513 1.496958 21.220456 Inside Regular s
90 Person: 806.264426 176.587009 847.812294 218.182278 0 0 33 1.336155 0.506719 1.194491 7.06577 1.466382 23.63401 Outside Regular s
90 Person: 797.299123 178.835289 839.980409 215.908893 0 0 34 1.263967 0.502369 1.32989 7.211109 1.479796 25.089439 Outside Regular s
90 Car: 393.279021 176.779393 472.350788 203.880884 0 0 67 1.436607 1.615587 3.914116 -9.79052 1.678115 39.835277 Outside Regular s
92 Cyclist: 185.65155 159.336011 291.682098 302.333532 0 0 20 1.825707 0.541881 1.725076 -5.181747 1.664376 10.09125 Inside Regular s
92 Cyclist: 255.835531 166.087741 337.333454 273.836097 1 0 21 1.770449 0.593923 1.924228 -5.577096 1.672061 12.85285 Inside Regular s
92 Van: 454.023613 147.93304 557.209414 224.188432 0 0 22 2.459834 2.030007 5.34868 -3.633034 1.690135 26.079744 Inside Regular s
92 Person: 166.864942 191.159674 219.968725 251.652051 0 0 29 1.366296 0.66257 0.841408 -9.747892 1.802837 16.819363 Inside Regular s
92 Cyclist: 623.562974 171.265753 666.175686 222.039361 0 0 30 1.815299 0.589697 1.89023 1.274636 1.764787 26.721186 Outside Regular s
92 Pedestrian: 957.456156 164.966322 983.122823 233.503836 1 0 31 1.67207 0.50043 0.608445 8.859197 1.484451 17.922372 Inside Regular s
92 Pedestrian: 895.089595 164.536605 918.089596 226.542131 0 0 32 1.693696 0.590506 0.834954 8.249258 1.473285 20.186867 Inside Regular s
92 Person: 813.701745 177.87305 857.846426 221.855833 0 0 33 1.336155 0.506719 1.194491 6.954224 1.499246 22.366432 Inside Regular s
92 Person: 803.50344 180.640689 848.646441 219.702873 0 0 34 1.263967 0.502369 1.32989 7.092039 1.52876 23.832022 Outside Regular s
92 Car: 380.894613 178.581239 462.973145 206.60964 2 0 67 1.436607 1.615587 3.914116 -10.041309 1.76411 38.494716 Outside Regular s
94 Cyclist: 79.3332 157.393978 225.008666 333.746395 0 0 20 1.825707 0.541881 1.725076 -5.261808 1.67695 8.343447 Inside Regular s
94 Cyclist: 186.584293 167.678441 291.174968 294.536427 1 0 21 1.770449 0.593923 1.924228 -5.67023 1.71117 11.061029 Inside Regular s
94 Van: 441.506168 146.759746 551.283701 227.590055 0 0 22 2.459834 2.030007 5.34868 -3.747861 1.700031 24.759898 Inside Regular s
94 Person: 117.883775 191.155806 177.817305 257.565056 2 0 29 1.366296 0.66257 0.841408 -9.868874 1.765486 15.349861 Inside Regular s
94 Cyclist: 629.227393 172.216314 672.783543 224.485768 0 0 30 1.815299 0.589697 1.89023 1.459971 1.799445 25.983371 Outside Regular s
94 Pedestrian: 979.920137 165.094159 1010.586804 238.872685 0 0 31 1.67207 0.50043 0.608445 8.78556 1.501048 16.6688 Inside Regular s
94 Pedestrian: 907.367195 167.581756 933.033861 233.137106 0 0 32 1.693696 0.590506 0.834954 8.178194 1.564576 19.117451 Inside Regular s
94 Person: 822.024041 179.315032 869.097309 225.977071 0 0 33 1.336155 0.506719 1.194491 6.842679 1.532109 21.098854 Inside Regular s
94 Person: 810.39271 182.618715 858.286232 223.924947 0 0 34 1.263967 0.502369 1.32989 6.972968 1.577724 22.574605 Outside Regular s
94 Car: 368.839053 180.025427 454.140784 209.10324 1 0 67 1.436607 1.615587 3.914116 -10.229056 1.82793 37.154067 Outside Regular s
96 Cyclist: 0.0 155.276856 127.058056 374.0 0 0 20 1.825707 0.541881 1.725076 -5.341868 1.689524 6.595644 Inside Regular s
96 Cyclist: 96.15295 166.541851 234.801065 319.308468 0 0 21 1.770449 0.593923 1.924228 -5.719524 1.710224 9.347295 Inside Regular s
96 Van: 427.40908 145.436973 544.756198 231.42582 0 0 22 2.459834 2.030007 5.34868 -3.862687 1.709928 23.440052 Inside Regular m
96 Cyclist: 635.230293 173.22451 679.769025 227.080624 0 0 30 1.815299 0.589697 1.89023 1.645306 1.834103 25.245557 Inside Regular s
96 Pedestrian: 1004.089776 165.243058 1038.756443 245.131066 0 0 31 1.67207 0.50043 0.608445 8.711923 1.517645 15.415228 Inside Regular s
96 Pedestrian: 922.392965 166.432806 948.059632 235.738374 0 0 32 1.693696 0.590506 0.834954 8.106762 1.543761 18.106728 Inside Regular s
96 Person: 830.966216 179.292451 881.290717 228.919015 0 0 33 1.336155 0.506719 1.194491 6.726566 1.520374 19.855838 Inside Regular s
96 Person: 818.914331 182.778469 869.883725 226.525233 0 0 34 1.263967 0.502369 1.32989 6.883106 1.565691 21.332608 Outside Regular s
96 Car: 356.646009 180.942668 445.402739 211.146964 1 0 67 1.436607 1.615587 3.914116 -10.381132 1.860774 35.820854 Outside Regular s
98 Cyclist: 0.0 164.822984 155.948994 356.449629 0 0 21 1.770449 0.593923 1.924228 -5.768817 1.709278 7.633561 Inside Regular s
98 Van: 411.41289 143.934199 537.530516 235.784493 0 0 22 2.459834 2.030007 5.34868 -3.977513 1.719824 22.120207 Inside Regular s
98 Cyclist: 641.56867 172.056406 685.948366 227.45436 0 0 30 1.815299 0.589697 1.89023 1.81487 1.795832 24.577637 Inside Regular s
98 Pedestrian: 1033.500936 163.617234 1066.834268 250.185541 0 0 31 1.67207 0.50043 0.608445 8.679512 1.49838 14.244759 Inside Regular s
98 Pedestrian: 936.035504 164.895358 968.368838 238.477617 0 0 32 1.693696 0.590506 0.834954 8.060222 1.517362 17.078842 Inside Regular s
98 Person: 841.088995 179.266828 895.130542 232.260155 0 0 33 1.336155 0.506719 1.194491 6.610453 1.508639 18.612822 Inside Regular s
98 Person: 828.478105 182.957689 882.930023 229.451574 0 0 34 1.263967 0.502369 1.32989 6.793243 1.553659 20.090612 Inside Regular s
98 Car: 338.940314 180.38242 431.462868 211.726994 1 0 67 1.436607 1.615587 3.914116 -10.762725 1.819077 34.526872 Inside Regular s
100 Van: 393.105777 142.211984 529.488523 240.780807 0 0 22 2.459834 2.030007 5.34868 -4.09234 1.729721 20.800361 Inside Regular s
100 Cyclist: 648.301895 170.819698 692.435294 227.848466 0 0 30 1.815299 0.589697 1.89023 1.984433 1.757561 23.909717 Inside Regular s
100 Pedestrian: 1068.660462 161.695325 1109.660463 256.163171 0 0 31 1.67207 0.50043 0.608445 8.6471 1.479115 13.074291 Inside Regular s
100 Pedestrian: 959.952661 162.88739 993.952662 241.390496 0 0 32 1.693696 0.590506 0.834954 8.038573 1.48538 16.033794 Inside Regular s
100 Person: 853.336593 179.232314 911.640523 236.034633 0 0 33 1.336155 0.506719 1.194491 6.516213 1.496909 17.384309 Inside Regular s
100 Person: 838.952185 182.441117 897.344556 232.010457 0 0 34 1.263967 0.502369 1.32989 6.697069 1.5227 18.856702 Inside Regular s
100 Car: 326.14693 182.019659 422.709669 214.692705 1 0 67 1.436607 1.615587 3.914116 -10.843602 1.881621 33.198751 Inside Regular s
102 Van: 372.944842 136.158601 520.398468 242.036778 0 0 22 2.459834 2.030007 5.34868 -4.212413 1.641977 19.551894 Inside Regular m
102 Cyclist: 655.465185 169.508283 699.255644 228.264748 0 0 30 1.815299 0.589697 1.89023 2.153997 1.71929 23.241798 Inside Regular s
102 Pedestrian: 1112.072795 158.679704 1154.406129 263.052905 0 0 31 1.67207 0.50043 0.608445 8.5965 1.449282 11.856903 Inside Regular s
102 Pedestrian: 980.197591 160.591755 1014.864259 244.721046 0 0 32 1.693696 0.590506 0.834954 8.016925 1.453398 14.988747 Inside Regular s
102 Person: 868.154529 179.186954 931.391624 240.332789 0 0 33 1.336155 0.506719 1.194491 6.443848 1.485184 16.170298 Inside Regular s
102 Person: 850.511302 181.085857 913.397636 234.119942 0 0 34 1.263967 0.502369 1.32989 6.594582 1.472816 17.63088 Inside Regular s
102 Car: 304.131905 178.558587 405.186628 212.492422 1 0 67 1.436607 1.615587 3.914116 -11.300098 1.711166 31.921622 Inside Regular s
104 Van: 349.984349 133.059896 510.880364 247.7597 0 0 22 2.459834 2.030007 5.34868 -4.307326 1.641212 18.257957 Inside Regular s
104 Cyclist: 662.354316 166.376629 704.01167 226.876977 0 0 30 1.815299 0.589697 1.89023 2.277908 1.629052 22.612905 Inside Regular s
104 Pedestrian: 1167.176785 153.857008 1217.176783 270.781096 0 0 31 1.67207 0.50043 0.608445 8.531096 1.40427 10.610382 Inside Regular s
104 Pedestrian: 1004.192601 157.16098 1041.525935 247.497325 0 0 32 1.693696 0.590506 0.834954 7.976759 1.405799 13.987139 Inside Regular s
104 Person: 885.34359 179.134144 954.392657 245.342763 0 0 33 1.336155 0.506719 1.194491 6.371483 1.473459 14.956288 Inside Regular s
104 Person: 863.774974 179.508269 931.880154 236.550231 0 0 34 1.263967 0.502369 1.32989 6.492096 1.422932 16.405057 Inside Regular s
104 Pedestrian: 215.016262 155.004589 243.349595 224.629531 1 0 36 1.781353 0.835785 0.711964 -10.113373 1.331223 18.941803 Inside Regular s
104 Car: 282.435256 177.711167 388.292104 213.08497 2 0 67 1.436607 1.615587 3.914116 -11.674913 1.66655 30.66719 Inside Regular m
106 Van: 323.152638 129.512793 499.972909 254.323375 0 0 22 2.459834 2.030007 5.34868 -4.411172 1.640547 16.99957 Inside Regular s
106 Cyclist: 668.245146 169.457273 709.551353 231.851355 0 0 30 1.815299 0.589697 1.89023 2.385802 1.724933 21.961349 Inside Regular s
106 Pedestrian: 1224.209783 157.090332 1241.0 285.32899 0 1 31 1.67207 0.50043 0.608445 8.482514 1.463892 9.381199 Inside Regular s
106 Pedestrian: 1031.21292 159.747764 1074.546253 257.39827 0 0 32 1.693696 0.590506 0.834954 7.919651 1.472933 12.971833 Inside Regular s
106 Person: 904.013734 181.536101 979.720267 253.510404 0 0 33 1.336155 0.506719 1.194491 6.288171 1.509152 13.787172 Inside Regular s
106 Person: 879.746875 183.407068 953.884266 245.120903 0 0 34 1.263967 0.502369 1.32989 6.412468 1.494893 15.206299 Inside Regular s
106 Pedestrian: 185.313548 157.529737 217.646881 232.064808 1 0 36 1.781353 0.835785 0.711964 -10.092392 1.42223 17.716098 Inside Regular s
106 Pedestrian: 204.983963 166.517121 226.983963 228.440257 1 0 37 1.562844 0.486568 0.728147 -10.106672 1.409074 18.519436 Inside Regular s
106 Car: 263.939792 181.55294 375.080215 218.579571 2 0 67 1.436607 1.615587 3.914116 -11.825376 1.813661 29.371402 Inside Regular s
108 Van: 291.190047 125.281586 487.570631 262.155813 0 0 22 2.459834 2.030007 5.34868 -4.515019 1.639881 15.741183 Inside Regular s
108 Cyclist: 674.477233 167.713375 711.015759 231.890066 0 0 30 1.815299 0.589697 1.89023 2.436567 1.679507 21.390279 Inside Regular s
108 Pedestrian: 1062.717939 159.127297 1108.384606 265.001874 0 0 32 1.693696 0.590506 0.834954 7.872737 1.480632 11.997378 Inside Regular s
108 Person: 927.589003 182.894842 1011.573916 261.888985 0 0 33 1.336155 0.506719 1.194491 6.221366 1.519035 12.594109 Inside Regular s
108 Person: 898.152962 184.928235 979.464941 252.066808 0 0 34 1.263967 0.502369 1.32989 6.328228 1.507446 14.008218 Inside Regular s
108 Pedestrian: 154.710493 154.348607 183.377159 234.520829 0 0 36 1.781353 0.835785 0.711964 -10.168648 1.377315 16.497199 Inside Regular s
108 Pedestrian: 167.557548 164.399156 187.89088 230.884757 1 0 37 1.562844 0.486568 0.728147 -10.144365 1.370218 17.262693 Inside Regular s
108 Car: 243.260026 179.767318 360.347633 218.511767 1 2 67 1.436607 1.615587 3.914116 -11.981871 1.727037 28.054945 Inside Regular m
110 Van: 253.506282 121.195075 474.401726 272.274255 0 0 22 2.459834 2.030007 5.34868 -4.611376 1.653704 14.51994 Inside Regular m
110 Cyclist: 680.569541 164.096714 712.189795 230.036716 0 0 30 1.815299 0.589697 1.89023 2.477427 1.584764 20.845921 Inside Regular s
110 Pedestrian: 1102.270076 156.371108 1148.270078 271.511386 0 0 32 1.693696 0.590506 0.834954 7.833084 1.457558 11.065923 Inside Regular s
110 Person: 956.134173 182.931339 1050.347661 270.34279 0 0 33 1.336155 0.506719 1.194491 6.15952 1.503098 11.406425 Inside Regular s
110 Person: 919.658896 183.447592 1009.642092 256.922308 1 0 34 1.263967 0.502369 1.32989 6.239376 1.460591 12.810814 Inside Regular s
110 Pedestrian: 474.393956 174.389696 497.727289 234.129969 0 0 35 1.570818 0.517789 0.615941 -3.3683 1.616778 19.347957 Inside Regular s
110 Pedestrian: 117.612348 150.523763 154.612346 237.576072 0 0 36 1.781353 0.835785 0.711964 -10.162776 1.331477 15.225369 Inside Regular s
110 Pedestrian: 140.905347 161.942463 166.905346 233.717122 1 0 37 1.562844 0.486568 0.728147 -10.182058 1.331363 16.00595 Inside Regular s
110 Car: 221.41562 179.768343 344.9211 220.411456 1 2 67 1.436607 1.615587 3.914116 -12.126498 1.71481 26.779732 Inside Regular s
112 Van: 207.27295 116.164003 459.207029 284.737405 0 0 22 2.459834 2.030007 5.34868 -4.707734 1.667528 13.298696 Inside Regular s
112 Cyclist: 683.792568 165.575641 713.144994 233.25648 0 0 30 1.815299 0.589697 1.89023 2.473889 1.631108 20.333584 Inside Regular s
112 Pedestrian: 1144.130222 155.21554 1200.463557 281.37632 0 0 32 1.693696 0.590506 0.834954 7.790495 1.463146 10.136615 Inside Regular s
112 Person: 989.291047 182.947224 1096.088573 280.494985 1 0 33 1.336155 0.506719 1.194491 6.086126 1.487152 10.248066 Inside Regular s
112 Person: 947.035292 184.723609 1047.802238 265.995146 1 0 34 1.263967 0.502369 1.32989 6.175475 1.463991 11.61254 Inside Regular m
112 Pedestrian: 464.309089 174.717193 487.30909 238.942632 0 0 35 1.570818 0.517789 0.615941 -3.38906 1.621975 18.023238 Inside Regular s
112 Pedestrian: 66.214427 149.121998 113.214428 243.947993 0 0 36 1.781353 0.835785 0.711964 -10.17891 1.34282 14.008219 Inside Regular s
112 Pedestrian: 90.472662 161.374936 129.472663 239.611444 1 0 37 1.562844 0.486568 0.728147 -10.250827 1.33977 14.700372 Inside Regular s
112 Car: 196.502636 181.467301 327.324203 224.312655 2 2 67 1.436607 1.615587 3.914116 -12.288776 1.763694 25.486912 Inside Regular m
114 Van: 149.207783 109.818063 441.480334 300.467033 0 0 22 2.459834 2.030007 5.34868 -4.804091 1.681351 12.077453 Inside Regular s
114 Cyclist: 684.583637 167.5621 715.024043 236.918356 0 0 30 1.815299 0.589697 1.89023 2.453755 1.687777 19.867209 Inside Regular s
114 Pedestrian: 1169.889656 154.123166 1241.0 293.331895 0 0 32 1.693696 0.590506 0.834954 7.747906 1.468734 9.207307 Inside Regular s
114 Person: 1030.661409 182.967037 1153.808014 293.310288 1 0 33 1.336155 0.506719 1.194491 6.012731 1.471205 9.089708 Inside Regular s
114 Person: 976.779909 187.310754 1090.273541 277.702226 1 0 34 1.263967 0.502369 1.32989 6.088806 1.483846 10.47925 Inside Regular m
114 Pedestrian: 454.679142 178.433026 479.679142 247.949133 0 0 35 1.570818 0.517789 0.615941 -3.409006 1.704281 16.697714 Inside Regular s
114 Pedestrian: 13.250186 150.627667 54.916854 255.630296 0 0 36 1.781353 0.835785 0.711964 -10.230526 1.412053 12.684356 Inside Regular s
114 Pedestrian: 42.358092 164.556366 86.358093 250.612467 1 0 37 1.562844 0.486568 0.728147 -10.218245 1.418616 13.380902 Inside Regular s
114 Car: 167.951418 185.13037 307.185785 230.55749 2 2 67 1.436607 1.615587 3.914116 -12.468707 1.873688 24.176487 Inside Regular s
116 Van: 74.950233 99.017486 418.301847 317.94773 0 0 22 2.459834 2.030007 5.34868 -4.915904 1.665184 10.863487 Inside Regular s
116 Cyclist: 685.829887 165.082865 714.402518 236.205148 0 0 30 1.815299 0.589697 1.89023 2.402361 1.628254 19.394802 Inside Regular s
116 Person: 1083.72861 182.992441 1228.920283 309.994757 1 0 33 1.336155 0.506719 1.194491 5.939336 1.455259 7.931349 Inside Regular s
116 Person: 1012.587392 186.270829 1142.327297 287.84578 1 0 34 1.263967 0.502369 1.32989 5.989974 1.447312 9.346712 Inside Regular s
116 Pedestrian: 438.184396 176.124019 466.184396 251.706832 0 0 35 1.570818 0.517789 0.615941 -3.430452 1.644578 15.373674 Inside Regular s
116 Pedestrian: 0.0 161.418643 38.614874 257.205803 0 0 37 1.562844 0.486568 0.728147 -10.142473 1.382725 12.045206 Inside Regular s
116 Car: 135.982261 182.652232 284.782053 230.653982 2 2 67 1.436607 1.615587 3.914116 -12.650885 1.770915 22.868285 Inside Regular s
118 Van: 0.0 81.546033 388.139275 337.931959 0 0 22 2.459834 2.030007 5.34868 -5.043173 1.619025 9.656801 Inside Regular s
118 Cyclist: 687.166169 162.475482 713.733919 235.450346 0 0 30 1.815299 0.589697 1.89023 2.350968 1.568732 18.922394 Inside Regular s
118 Person: 1154.270048 183.394869 1241.0 332.612197 1 1 33 1.336155 0.506719 1.194491 5.865942 1.439312 6.772991 Inside Regular m
118 Person: 1057.947397 184.952868 1209.199925 300.870291 2 0 34 1.263967 0.502369 1.32989 5.891142 1.410778 8.214175 Inside Regular s
118 Pedestrian: 417.84581 175.914245 449.845809 258.869708 0 0 35 1.570818 0.517789 0.615941 -3.47808 1.634427 14.03972 Inside Regular s
118 Car: 99.981361 179.885487 259.761689 230.762521 2 2 67 1.436607 1.615587 3.914116 -12.833063 1.668142 21.560084 Inside Regular s
120 Van: 0.0 68.91006 358.040666 374.0 0 0 22 2.459834 2.030007 5.34868 -5.115143 1.672049 8.440699 Inside Regular s
120 Cyclist: 686.026098 164.501617 711.316349 239.272852 0 0 30 1.815299 0.589697 1.89023 2.246888 1.624434 18.487154 Inside Regular s
120 Pedestrian: 388.525505 178.460592 429.525505 270.56129 0 0 35 1.570818 0.517789 0.615941 -3.551889 1.673826 12.695851 Inside Regular s
120 Car: 62.589715 179.880384 234.817605 234.138757 2 2 67 1.436607 1.615587 3.914116 -12.934313 1.655358 20.271525 Inside Regular s
122 Van: 0.0 58.65288 320.901875 374.0 0 2 22 2.459834 2.030007 5.34868 -5.179276 1.692752 7.236693 Inside Regular s
122 Cyclist: 684.309657 165.656284 710.225158 242.306072 0 0 30 1.815299 0.589697 1.89023 2.129438 1.656959 18.061384 Inside Regular s
122 Pedestrian: 359.322822 182.261608 400.322823 285.853056 0 0 35 1.570818 0.517789 0.615941 -3.628885 1.723552 11.346358 Inside Regular s
122 Car: 19.878284 179.874701 206.64018 237.996367 2 2 67 1.436607 1.615587 3.914116 -13.035562 1.642574 18.982966 Inside Regular s
124 Van: 0.0 57.761936 274.006706 374.0 0 2 22 2.459834 2.030007 5.34868 -5.235572 1.681136 6.044783 Inside Regular s
124 Cyclist: 679.686244 165.229024 706.97103 243.830579 0 0 30 1.815299 0.589697 1.89023 2.015254 1.651071 17.634902 Inside Regular s
124 Pedestrian: 326.390346 177.838731 375.057012 295.316722 0 0 35 1.570818 0.517789 0.615941 -3.686808 1.644412 10.032417 Inside Regular s
124 Car: 0.0 179.868318 174.558799 242.32464 3 2 67 1.436607 1.615587 3.914116 -13.136811 1.62979 17.694407 Inside Regular s
126 Van: 0.0 57.815693 212.349322 374.0 0 1 22 2.459834 2.030007 5.34868 -5.291868 1.66952 4.852872 Inside Regular s
126 Cyclist: 676.713597 163.061203 704.763879 243.726972 0 0 30 1.815299 0.589697 1.89023 1.904335 1.606772 17.207707 Inside Regular s
126 Pedestrian: 280.472278 178.157489 338.138946 314.387269 0 0 35 1.570818 0.517789 0.615941 -3.671531 1.63912 8.704502 Inside Regular s
126 Car: 0.0 179.859252 137.703622 247.241295 3 2 67 1.436607 1.615587 3.914116 -13.23806 1.617006 16.405848 Inside Regular s
128 Van: 0.0 58.856641 127.669693 374.0 0 2 22 2.459834 2.030007 5.34868 -5.348164 1.657904 3.660962 Inside Regular s
128 Cyclist: 674.317701 158.614147 702.347306 241.670315 0 0 30 1.815299 0.589697 1.89023 1.766864 1.515981 16.743388 Inside Regular s
128 Pedestrian: 217.930733 178.603198 290.264068 340.160739 0 0 35 1.570818 0.517789 0.615941 -3.695976 1.634157 7.400318 Inside Regular s
128 Car: 0.0 179.841049 94.925637 252.991398 3 2 67 1.436607 1.615587 3.914116 -13.339309 1.604222 15.117289 Inside Regular s
130 Cyclist: 668.790886 158.640983 697.745441 243.272542 0 0 30 1.815299 0.589697 1.89023 1.648665 1.522337 16.443605 Inside Regular s
130 Pedestrian: 134.286912 179.230109 219.95358 374.0 0 0 35 1.570818 0.517789 0.615941 -3.700559 1.62903 6.084269 Inside Regular s
130 Car: 0.0 179.936652 41.995763 256.335197 3 2 67 1.436607 1.615587 3.914116 -13.469807 1.593157 13.798837 Inside Regular m
132 Cyclist: 663.839176 158.765174 695.277121 244.892939 0 0 30 1.815299 0.589697 1.89023 1.539643 1.530086 16.178003 Inside Regular s
132 Pedestrian: 9.663158 180.107305 111.663155 374.0 0 0 35 1.570818 0.517789 0.615941 -3.687349 1.623598 4.798015 Inside Regular s
134 Cyclist: 663.33453 162.362323 694.099485 250.626791 0 0 30 1.815299 0.589697 1.89023 1.485038 1.611465 15.807871 Inside Regular s
136 Cyclist: 662.809016 166.142174 693.300822 256.650172 0 0 30 1.815299 0.589697 1.89023 1.430434 1.692844 15.437738 Inside Regular s
138 Cyclist: 659.933875 162.80937 696.514409 255.728471 0 0 30 1.815299 0.589697 1.89023 1.407255 1.630593 15.071894 Inside Regular s
140 Cyclist: 656.659819 164.909924 707.286569 259.556879 0 0 30 1.815299 0.589697 1.89023 1.466121 1.672911 14.822442 Inside Regular s
142 Cyclist: 669.151849 163.491675 713.673271 259.653426 0 0 30 1.815299 0.589697 1.89023 1.633277 1.649215 14.604179 Inside Regular s
144 Cyclist: 674.421784 162.123781 727.369084 259.838408 0 0 30 1.815299 0.589697 1.89023 1.800434 1.625518 14.385916 Inside Regular s
146 Cyclist: 682.931477 161.57325 742.586521 260.785911 0 0 30 1.815299 0.589697 1.89023 2.008234 1.617475 14.174468 Inside Regular s
148 Cyclist: 694.692623 161.874047 759.448945 262.554233 0 0 30 1.815299 0.589697 1.89023 2.256677 1.625086 13.969835 Inside Regular s
150 Cyclist: 707.367048 162.229015 781.719669 264.662675 0 0 30 1.815299 0.589697 1.89023 2.546744 1.633164 13.713156 Inside Regular s
152 Cyclist: 725.033298 161.152147 804.975162 265.423711 0 0 30 1.815299 0.589697 1.89023 2.880046 1.616681 13.459582 Inside Regular s
154 Cyclist: 747.616277 158.547952 829.455008 264.837175 0 0 30 1.815299 0.589697 1.89023 3.256584 1.575636 13.209112 Inside Regular s
156 Cyclist: 772.571688 156.682607 858.633047 265.360265 0 0 30 1.815299 0.589697 1.89023 3.666664 1.549049 12.913365 Inside Regular s
158 Cyclist: 800.377334 155.598335 893.172855 267.045152 0 0 30 1.815299 0.589697 1.89023 4.110288 1.536918 12.57234 Inside Regular s
160 Cyclist: 833.415307 156.830922 931.046605 271.614776 0 0 30 1.815299 0.589697 1.89023 4.587069 1.563876 12.202704 Inside Regular s
162 Cyclist: 872.377434 160.603922 972.814028 279.425953 0 0 30 1.815299 0.589697 1.89023 5.097007 1.629921 11.804456 Inside Regular s
164 Cyclist: 918.193534 159.672658 1020.080711 282.333489 0 0 30 1.815299 0.589697 1.89023 5.684573 1.621857 11.454499 Inside Regular s
166 Cyclist: 966.907539 158.679377 1070.31053 285.434693 0 0 30 1.815299 0.589697 1.89023 6.27214 1.613794 11.104543 Inside Regular s
166 Person: 866.773933 179.597968 898.185443 228.097826 1 0 38 1.3224 0.605187 0.611669 7.576213 1.515739 20.160122 Inside Regular s
168 Cyclist: 1018.802747 157.61768 1123.791708 288.749591 0 0 30 1.815299 0.589697 1.89023 6.859707 1.60573 10.754586 Inside Regular s
168 Person: 875.201671 181.057971 907.771492 231.414462 0 0 38 1.3224 0.605187 0.611669 7.548766 1.548445 19.445512 Inside Regular s
170 Cyclist: 1069.632515 157.564676 1188.401846 292.431644 0 0 30 1.815299 0.589697 1.89023 7.466956 1.609327 10.409518 Inside Regular s
170 Person: 884.06437 183.506345 917.898744 235.916524 0 0 38 1.3224 0.605187 0.611669 7.512206 1.603797 18.721125 Inside Regular s
172 Cyclist: 1123.609633 157.520917 1241.0 296.230033 0 0 30 1.815299 0.589697 1.89023 8.074206 1.612923 10.06445 Inside Regular s
172 Person: 889.749355 182.322474 924.816937 236.654903 0 0 38 1.3224 0.605187 0.611669 7.404719 1.564429 18.064186 Inside Regular s
174 Cyclist: 1181.011863 157.461847 1241.0 300.155657 0 1 30 1.815299 0.589697 1.89023 8.681455 1.61652 9.719382 Inside Regular s
174 Person: 889.155228 178.924696 925.341248 234.945639 0 0 38 1.3224 0.605187 0.611669 7.173361 1.474576 17.50555 Inside Regular s
176 Person: 887.301652 183.730561 924.520637 241.382086 0 0 38 1.3224 0.605187 0.611669 6.957806 1.584568 17.059924 Inside Regular s
178 Person: 881.57942 187.474482 919.937721 246.769112 0 0 38 1.3224 0.605187 0.611669 6.661083 1.66435 16.627086 Inside Regular s
180 Person: 873.168021 187.406107 912.65545 248.242269 0 0 38 1.3224 0.605187 0.611669 6.31861 1.654434 16.216101 Inside Regular s
182 Person: 863.285718 187.841362 903.649791 250.260223 0 0 38 1.3224 0.605187 0.611669 5.955542 1.656013 15.818957 Inside Regular s
184 Person: 853.396144 187.76382 894.484689 251.942781 0 0 38 1.3224 0.605187 0.611669 5.591894 1.645673 15.39609 Inside Regular s
186 Person: 856.867979 186.922535 898.678189 252.885348 0 0 38 1.3224 0.605187 0.611669 5.521236 1.61978 14.985029 Inside Regular s
188 Person: 870.837724 192.94275 914.036617 261.883458 0 0 38 1.3224 0.605187 0.611669 5.604921 1.731789 14.420747 Inside Regular s
190 Person: 888.800499 191.75335 933.808743 263.653028 0 0 38 1.3224 0.605187 0.611669 5.735393 1.691819 13.830398 Inside Regular s
192 Person: 916.97634 192.076448 963.776759 267.046434 0 0 38 1.3224 0.605187 0.611669 6.043094 1.683688 13.285231 Inside Regular s
194 Person: 951.815167 193.634417 1001.38554 272.990629 0 0 38 1.3224 0.605187 0.611669 6.358166 1.693443 12.592758 Inside Regular s
196 Person: 989.997619 195.658324 1043.098552 280.122845 0 0 38 1.3224 0.605187 0.611669 6.653491 1.707584 11.879873 Inside Regular s
198 Person: 1034.006698 197.726074 1091.67236 288.755827 0 0 38 1.3224 0.605187 0.611669 6.910533 1.71527 11.075361 Inside Regular s
200 Person: 1085.766884 197.129286 1148.577408 295.082584 0 0 38 1.3224 0.605187 0.611669 7.212519 1.680372 10.318699 Inside Regular s
200 Person: 1031.203403 192.78127 1090.636142 279.793961 1 0 39 1.329851 0.68247 0.900463 7.312493 1.665207 11.756653 Inside Regular s
202 Person: 1145.930907 200.661287 1214.825106 306.92925 0 0 38 1.3224 0.605187 0.611669 7.528256 1.704485 9.574773 Inside Regular s
202 Person: 1083.653471 195.434865 1149.900889 289.951866 1 0 39 1.329851 0.68247 0.900463 7.621538 1.684076 10.901561 Inside Regular m
202 Person: 955.09337 201.671592 1026.68402 299.586548 1 0 61 1.299103 0.641625 0.618042 5.267841 1.715607 10.086455 Inside Regular m
204 Person: 1215.457114 203.138952 1241.0 315.006758 0 1 38 1.3224 0.605187 0.611669 7.810536 1.70646 8.800113 Inside Regular s
204 Person: 1141.935072 198.644668 1214.670052 302.091729 1 0 39 1.329851 0.68247 0.900463 7.875608 1.7046 10.04393 Inside Regular s
204 Person: 1002.318271 206.187666 1082.398667 312.250491 1 0 61 1.299103 0.641625 0.618042 5.546058 1.746799 9.3534 Inside Regular s
206 Person: 1208.332751 202.868523 1241.0 313.241432 1 1 39 1.329851 0.68247 0.900463 8.078162 1.730899 9.181502 Inside Regular s
206 Person: 1060.254952 211.704109 1151.909954 328.169527 2 0 61 1.299103 0.641625 0.618042 5.827058 1.778093 8.5645 Inside Regular s
208 Pedestrian: 752.240832 174.584723 775.240833 248.267821 1 0 40 1.746366 0.93698 0.500825 3.754329 1.795377 17.52763 Inside Regular s
210 Pedestrian: 766.528069 177.159147 798.528068 254.598183 1 0 40 1.746366 0.93698 0.500825 3.848654 1.851861 16.704016 Inside Regular s
210 Pedestrian: 729.343268 184.75147 749.343267 240.467536 0 0 41 1.536093 0.726859 0.510908 3.450474 1.876709 20.307242 Inside Regular s
212 Pedestrian: 781.037498 179.942179 808.370833 261.605056 1 0 40 1.746366 0.93698 0.500825 3.94298 1.908344 15.880402 Inside Regular s
212 Pedestrian: 731.726165 183.272191 755.059498 242.288689 0 0 41 1.536093 0.726859 0.510908 3.390519 1.818477 19.178696 Inside Regular s
214 Pedestrian: 787.472831 173.990373 824.139499 260.774607 1 0 40 1.746366 0.93698 0.500825 3.921931 1.777198 14.949054 Inside Regular s
214 Pedestrian: 731.406102 181.609458 760.072769 244.342101 0 0 41 1.536093 0.726859 0.510908 3.330564 1.760245 18.050149 Inside Regular s
214 Person: 1143.626307 215.657083 1241.0 354.439167 1 0 62 1.230595 0.780721 0.834703 5.877169 1.673943 7.050296 Inside Regular s
216 Pedestrian: 792.771078 167.113105 833.271079 259.83041 1 0 40 1.746366 0.93698 0.500825 3.900883 1.646052 14.017706 Inside Regular s
216 Pedestrian: 734.269713 179.50774 765.269713 246.81943 0 0 41 1.536093 0.726859 0.510908 3.219768 1.695972 16.829395 Inside Regular s
216 Person: 1219.78923 212.588256 1241.0 353.755244 1 1 62 1.230595 0.780721 0.834703 5.882614 1.585234 6.117788 Inside Regular s
218 Pedestrian: 805.261052 161.756035 847.594385 261.605471 1 0 40 1.746366 0.93698 0.500825 3.826063 1.559979 13.045683 Inside Regular s
218 Pedestrian: 740.085825 176.790909 771.419158 249.867624 0 0 41 1.536093 0.726859 0.510908 3.05813 1.625657 15.516434 Inside Regular s
220 Pedestrian: 814.89904 158.243494 860.565706 266.801732 1 0 40 1.746366 0.93698 0.500825 3.69747 1.518979 12.032985 Inside Regular s
220 Pedestrian: 744.196491 173.505093 779.196491 253.492581 0 0 41 1.536093 0.726859 0.510908 2.896493 1.555343 14.203474 Inside Regular s
222 Pedestrian: 818.688854 162.42884 876.688856 281.594845 1 0 40 1.746366 0.93698 0.500825 3.60713 1.601307 11.000715 Inside Regular s
222 Pedestrian: 751.687002 177.615261 787.687001 265.835645 0 0 41 1.536093 0.726859 0.510908 2.760315 1.625831 12.911234 Inside Regular s
224 Pedestrian: 843.472176 159.985503 900.805511 291.820208 1 0 40 1.746366 0.93698 0.500825 3.524012 1.583621 9.971232 Inside Regular s
224 Pedestrian: 764.747875 180.157472 800.747876 278.711709 0 0 41 1.536093 0.726859 0.510908 2.671014 1.658355 11.604826 Inside Regular s
226 Pedestrian: 863.632821 157.557449 929.299487 305.428694 1 0 40 1.746366 0.93698 0.500825 3.485762 1.573415 8.920662 Inside Regular s
226 Pedestrian: 771.060636 176.784915 825.060638 288.271189 0 0 41 1.536093 0.726859 0.510908 2.613226 1.597072 10.289385 Inside Regular s
228 Pedestrian: 895.975939 156.470531 976.309273 325.28038 1 0 40 1.746366 0.93698 0.500825 3.425718 1.584541 7.867925 Inside Regular s
228 Pedestrian: 794.419311 179.279479 853.419312 308.25552 0 0 41 1.536093 0.726859 0.510908 2.578673 1.62037 8.946306 Inside Regular s
230 Pedestrian: 929.423818 155.026263 1020.423816 351.680999 1 0 40 1.746366 0.93698 0.500825 3.365674 1.595668 6.815188 Inside Regular s
230 Pedestrian: 821.0805 182.280967 891.413834 335.220468 0 0 41 1.536093 0.726859 0.510908 2.525376 1.640762 7.609024 Inside Regular s
232 Pedestrian: 969.619296 151.796139 1098.952633 374.0 1 0 40 1.746366 0.93698 0.500825 3.306106 1.597757 5.762965 Inside Regular s
232 Pedestrian: 853.659169 183.077071 939.65917 370.376757 0 0 41 1.536093 0.726859 0.510908 2.448608 1.630488 6.279193 Inside Regular s
232 Pedestrian: 579.346309 173.128882 597.346309 223.305676 0 0 43 1.69976 0.702512 0.686773 -0.80089 1.716587 24.886152 Inside Regular s
234 Pedestrian: 1042.792958 145.464312 1203.126297 374.0 1 0 40 1.746366 0.93698 0.500825 3.247015 1.590808 4.711256 Inside Regular s
234 Pedestrian: 911.132948 187.097225 1005.466279 374.0 0 0 41 1.536093 0.726859 0.510908 2.360909 1.639842 4.936722 Inside Regular s
234 Pedestrian: 590.82846 178.771595 606.161793 223.195748 0 0 42 1.580344 0.674878 0.865931 -0.435502 1.800577 26.231149 Inside Regular s
234 Pedestrian: 569.31985 173.89216 587.653184 226.979575 0 0 43 1.69976 0.702512 0.686773 -1.06526 1.740633 23.540537 Inside Regular s
234 Pedestrian: 737.398167 168.082029 752.398167 213.718616 0 0 46 1.919323 0.643639 1.084147 5.762154 1.727066 30.973408 Outside Regular s
234 Pedestrian: 759.153798 169.562445 773.820465 213.092747 0 0 47 1.826385 0.765883 1.010803 6.642514 1.697134 30.896971 Outside Regular s
236 Pedestrian: 1121.720085 139.174833 1241.0 374.0 1 1 40 1.746366 0.93698 0.500825 3.187923 1.58386 3.659546 Inside Regular s
236 Pedestrian: 981.663789 189.236301 1185.570592 374.0 0 0 41 1.536093 0.726859 0.510908 2.272948 1.624465 3.59451 Inside Regular s
236 Pedestrian: 582.331324 179.247303 599.331324 225.116426 0 0 42 1.580344 0.674878 0.865931 -0.717539 1.810434 25.420151 Inside Regular s
236 Pedestrian: 556.427377 175.268478 579.094044 231.625634 0 0 43 1.69976 0.702512 0.686773 -1.341831 1.780415 22.194808 Inside Regular s
236 Pedestrian: 735.792313 169.508953 753.125647 217.056117 0 0 46 1.919323 0.643639 1.084147 5.486674 1.792933 29.751377 Inside Regular s
236 Pedestrian: 754.274445 170.98662 772.274445 216.361466 0 0 47 1.826385 0.765883 1.010803 6.297553 1.760336 29.663948 Inside Regular s
238 Pedestrian: 1147.803292 187.323713 1241.0 374.0 0 1 41 1.536093 0.726859 0.510908 2.184725 1.584358 2.252556 Inside Regular s
238 Pedestrian: 570.679609 177.546119 590.346276 224.98277 0 0 42 1.580344 0.674878 0.865931 -1.052148 1.745934 24.586641 Inside Regular s
238 Pedestrian: 542.185016 172.584649 566.185016 232.633428 0 0 43 1.69976 0.702512 0.686773 -1.665022 1.699567 20.85052 Inside Regular s
238 Pedestrian: 733.309548 167.969074 749.309548 217.593696 0 0 46 1.919323 0.643639 1.084147 5.134365 1.738865 28.530775 Inside Regular s
238 Pedestrian: 751.900499 168.229912 769.233832 215.532167 0 0 47 1.826385 0.765883 1.010803 5.863966 1.656472 28.478223 Inside Regular s
238 Pedestrian: 1076.738437 157.985396 1118.405104 268.300437 0 0 63 1.71752 0.836317 0.523972 7.956002 1.492139 11.685026 Inside Regular s
238 Pedestrian: 1061.514152 165.085153 1094.847485 261.208751 1 0 64 1.605291 0.655785 0.562922 7.930832 1.481539 12.415185 Inside Regular s
240 Pedestrian: 557.664574 177.34982 575.331241 226.543565 0 0 42 1.580344 0.674878 0.865931 -1.472272 1.734062 23.728963 Inside Regular s
240 Pedestrian: 524.671153 171.910519 547.671152 236.315395 0 0 43 1.69976 0.702512 0.686773 -2.052437 1.682183 19.468857 Inside Regular s
240 Pedestrian: 726.674359 165.573418 745.007692 217.589602 0 0 46 1.919323 0.643639 1.084147 4.706264 1.658875 27.245916 Inside Regular s
240 Pedestrian: 745.584336 166.70118 762.91767 216.163473 0 0 47 1.826385 0.765883 1.010803 5.409115 1.607542 27.258524 Inside Regular s
240 Pedestrian: 1106.835826 153.55288 1158.502494 274.230794 0 0 63 1.71752 0.836317 0.523972 7.76881 1.448644 10.716974 Inside Regular s
240 Pedestrian: 1082.277525 161.64983 1117.277527 266.737607 1 0 64 1.605291 0.655785 0.562922 7.759332 1.439909 11.383929 Inside Regular s
242 Pedestrian: 542.390701 178.237563 558.724034 229.382186 0 0 42 1.580344 0.674878 0.865931 -1.907231 1.755985 22.8331 Inside Regular s
242 Pedestrian: 502.561826 171.16942 527.895159 240.77365 0 0 43 1.69976 0.702512 0.686773 -2.408907 1.665767 18.05107 Inside Regular s
242 Pedestrian: 721.528547 165.11927 738.528547 219.808281 0 0 46 1.919323 0.643639 1.084147 4.292906 1.656023 25.942464 Inside Regular s
242 Pedestrian: 738.214974 166.552599 758.548307 218.489914 0 0 47 1.826385 0.765883 1.010803 4.954065 1.61311 25.985999 Inside Regular s
242 Pedestrian: 1140.958012 153.193488 1198.958011 287.039994 0 0 63 1.71752 0.836317 0.523972 7.58333 1.471082 9.704285 Inside Regular s
242 Pedestrian: 1110.354053 162.37223 1152.354052 278.127074 1 0 64 1.605291 0.655785 0.562922 7.588621 1.465779 10.365464 Inside Regular s
244 Pedestrian: 526.453675 177.110931 545.120341 230.408783 0 0 42 1.580344 0.674878 0.865931 -2.282775 1.715729 21.934246 Inside Regular s
244 Pedestrian: 481.919707 170.645795 508.919706 246.345612 0 0 43 1.69976 0.702512 0.686773 -2.718252 1.65713 16.636449 Inside Regular s
244 Pedestrian: 714.964225 165.631593 733.297558 223.160395 0 0 46 1.919323 0.643639 1.084147 3.897782 1.686591 24.690605 Inside Regular s
244 Pedestrian: 733.160511 166.370578 755.827178 221.086481 0 0 47 1.826385 0.765883 1.010803 4.520079 1.618243 24.694621 Inside Regular s
244 Pedestrian: 1176.316895 153.125452 1241.0 302.988321 0 0 63 1.71752 0.836317 0.523972 7.397851 1.493519 8.691596 Inside Regular s
244 Pedestrian: 1151.508553 163.257274 1202.508552 292.090604 1 0 64 1.605291 0.655785 0.562922 7.41791 1.491649 9.346999 Inside Regular s
246 Pedestrian: 508.696795 177.304891 531.363462 232.972511 0 0 42 1.580344 0.674878 0.865931 -2.638625 1.715891 21.020544 Inside Regular s
246 Pedestrian: 456.189124 171.213381 485.189125 254.248653 0 0 43 1.69976 0.702512 0.686773 -2.980662 1.673207 15.205754 Inside Regular s
246 Pedestrian: 711.538626 165.248976 728.205293 226.161093 0 0 46 1.919323 0.643639 1.084147 3.528622 1.687877 23.351279 Inside Regular s
246 Pedestrian: 728.696541 165.95683 750.363208 223.822197 0 0 47 1.826385 0.765883 1.010803 4.13125 1.616871 23.380695 Inside Regular s
246 Pedestrian: 1232.08451 158.497154 1241.0 313.464452 0 1 63 1.71752 0.836317 0.523972 7.213309 1.552904 7.66002 Inside Regular s
246 Pedestrian: 1193.076229 163.536506 1241.0 307.825934 1 1 64 1.605291 0.655785 0.562922 7.247232 1.502495 8.318499 Inside Regular s
248 Pedestrian: 492.476571 177.47494 520.143237 235.776613 0 0 42 1.580344 0.674878 0.865931 -2.928216 1.715709 20.144181 Inside Regular s
248 Pedestrian: 424.898426 168.375878 462.565093 260.388593 0 0 43 1.69976 0.702512 0.686773 -3.232729 1.623481 13.756224 Inside Regular s
248 Pedestrian: 464.961143 172.134364 491.961143 246.424004 0 0 44 1.673278 0.618982 0.94666 -3.131624 1.665279 16.834294 Inside Regular s
248 Pedestrian: 706.63628 164.596396 728.969613 229.494802 0 0 46 1.919323 0.643639 1.084147 3.239962 1.683214 21.952267 Inside Regular s
248 Pedestrian: 722.869508 165.493088 746.20284 226.892716 0 0 47 1.826385 0.765883 1.010803 3.742421 1.615498 22.066769 Inside Regular s
250 Pedestrian: 480.134767 177.910522 503.134767 239.12276 0 0 42 1.580344 0.674878 0.865931 -3.182936 1.721267 19.217527 Inside Regular s
250 Pedestrian: 393.584968 167.483217 430.918301 270.604543 0 0 43 1.69976 0.702512 0.686773 -3.420227 1.617531 12.314756 Inside Regular s
250 Pedestrian: 447.747626 171.212034 475.747626 252.791548 0 0 44 1.673278 0.618982 0.94666 -3.236983 1.647477 15.376428 Inside Regular s
250 Pedestrian: 702.547567 164.378798 724.547567 233.726118 0 0 46 1.919323 0.643639 1.084147 2.983099 1.692826 20.581142 Inside Regular s
250 Pedestrian: 721.284162 166.248499 744.284162 231.717035 0 0 47 1.826385 0.765883 1.010803 3.566497 1.650322 20.730515 Inside Regular s
252 Pedestrian: 462.8261 179.610213 486.826102 244.179386 0 0 42 1.580344 0.674878 0.865931 -3.387293 1.757493 18.262453 Inside Regular s
252 Pedestrian: 356.028294 167.503156 398.028295 284.688969 0 0 43 1.69976 0.702512 0.686773 -3.534246 1.628482 10.882853 Inside Regular s
252 Pedestrian: 428.464632 172.716882 461.131298 262.972439 0 0 44 1.673278 0.618982 0.94666 -3.249347 1.679204 13.953219 Inside Regular s
252 Pedestrian: 706.581683 165.528817 729.24835 239.749591 0 0 46 1.919323 0.643639 1.084147 2.89136 1.738152 19.26732 Inside Regular s
252 Pedestrian: 724.455226 167.429117 745.121893 237.632679 0 0 47 1.826385 0.765883 1.010803 3.453151 1.693706 19.37054 Inside Regular s
254 Pedestrian: 448.097316 180.620245 480.763983 248.660905 0 0 42 1.580344 0.674878 0.865931 -3.496962 1.773248 17.349991 Inside Regular s
254 Pedestrian: 312.604708 167.684411 367.604707 303.54076 0 0 43 1.69976 0.702512 0.686773 -3.579921 1.641484 9.44015 Inside Regular s
254 Pedestrian: 417.662686 174.218093 449.662686 275.090798 0 0 44 1.673278 0.618982 0.94666 -3.238656 1.704878 12.538865 Inside Regular s
254 Pedestrian: 710.905121 166.848631 738.238455 246.676612 0 0 46 1.919323 0.643639 1.084147 2.821763 1.783394 17.954316 Inside Regular s
254 Pedestrian: 732.361521 169.138697 763.694855 244.918208 0 0 47 1.826385 0.765883 1.010803 3.402382 1.74565 17.986844 Inside Regular s
256 Pedestrian: 438.980513 180.828547 470.980513 252.670298 0 0 42 1.580344 0.674878 0.865931 -3.532845 1.768435 16.461999 Inside Regular s
256 Pedestrian: 258.54347 168.103831 332.543469 329.904897 0 0 43 1.69976 0.702512 0.686773 -3.544996 1.656371 7.988277 Inside Regular s
256 Pedestrian: 387.157247 173.75855 423.823914 288.375206 0 0 44 1.673278 0.618982 0.94666 -3.187797 1.695294 11.092656 Inside Regular s
256 Pedestrian: 332.953037 172.863989 367.286369 286.209589 0 0 45 1.68939 0.545562 0.488782 -4.035788 1.695147 11.058538 Inside Regular s
256 Pedestrian: 728.292929 166.07537 759.959597 253.284394 0 0 46 1.919323 0.643639 1.084147 2.894032 1.778482 16.484145 Inside Regular s
256 Pedestrian: 747.631363 168.047411 779.298029 250.759662 0 0 47 1.826385 0.765883 1.010803 3.449705 1.72888 16.522762 Inside Regular s
258 Pedestrian: 440.13959 181.060639 470.806255 257.153277 0 0 42 1.580344 0.674878 0.865931 -3.568728 1.763623 15.574006 Inside Regular s
258 Pedestrian: 193.638044 166.318114 272.304708 366.054611 0 0 43 1.69976 0.702512 0.686773 -3.462173 1.650369 6.543018 Inside Regular s
258 Pedestrian: 355.049285 172.597054 401.049286 305.144454 0 0 44 1.673278 0.618982 0.94666 -3.109205 1.678551 9.65423 Inside Regular s
258 Pedestrian: 312.28297 171.604157 344.282971 298.52167 0 0 45 1.68939 0.545562 0.488782 -3.915143 1.678243 9.914042 Inside Regular s
258 Pedestrian: 737.349787 165.146346 771.016454 261.240157 0 0 46 1.919323 0.643639 1.084147 2.9663 1.773569 15.013974 Inside Regular s
258 Pedestrian: 767.669102 167.767125 802.669101 258.76894 0 0 47 1.826385 0.765883 1.010803 3.588075 1.732908 15.065895 Inside Regular s
258 Pedestrian: 396.206267 176.803484 425.5396 269.777789 1 0 65 1.629934 0.641718 0.916333 -3.701851 1.708751 13.208218 Inside Regular s
260 Pedestrian: 425.355621 179.349466 456.355622 260.81334 0 0 42 1.580344 0.674878 0.865931 -3.453245 1.717817 14.58122 Inside Regular s
260 Pedestrian: 92.844612 160.357971 188.844614 374.0 0 0 43 1.69976 0.702512 0.686773 -3.365165 1.623574 5.09989 Inside Regular s
260 Pedestrian: 323.268152 170.344511 377.934819 327.267832 0 0 44 1.673278 0.618982 0.94666 -3.002881 1.654649 8.223587 Inside Regular s
260 Pedestrian: 285.352484 170.01131 324.352486 314.180236 0 0 45 1.68939 0.545562 0.488782 -3.794498 1.661339 8.769546 Inside Regular s
260 Pedestrian: 762.738387 159.620301 798.07172 266.17689 0 0 46 1.919323 0.643639 1.084147 3.177897 1.688318 13.59376 Inside Regular s
260 Pedestrian: 793.377398 162.699597 835.71073 263.716571 0 0 47 1.826385 0.765883 1.010803 3.859386 1.650597 13.620882 Inside Regular s
260 Pedestrian: 383.982421 174.168814 424.649086 278.947418 0 0 65 1.629934 0.641718 0.916333 -3.475144 1.659248 11.782799 Inside Regular s
262 Pedestrian: 417.304478 177.37751 449.304478 265.012886 0 0 42 1.580344 0.674878 0.865931 -3.337762 1.67201 13.588435 Inside Regular s
262 Pedestrian: 278.789201 167.555658 346.122531 359.585479 0 0 44 1.673278 0.618982 0.94666 -2.898494 1.634927 6.804411 Inside Regular s
262 Pedestrian: 247.302976 167.859945 294.636308 334.630785 1 0 45 1.68939 0.545562 0.488782 -3.663909 1.643908 7.615163 Inside Regular s
262 Pedestrian: 788.395676 155.040973 837.062341 275.467696 0 0 46 1.919323 0.643639 1.084147 3.371525 1.64236 12.088978 Inside Regular s
262 Pedestrian: 831.871836 158.007876 876.205168 272.150103 0 0 47 1.826385 0.765883 1.010803 4.078473 1.596097 12.110847 Inside Regular s
262 Pedestrian: 365.437087 173.226004 414.437088 293.34278 0 0 65 1.629934 0.641718 0.916333 -3.235542 1.643386 10.35793 Inside Regular s
264 Pedestrian: 406.759351 178.532134 447.092686 272.527365 0 0 42 1.580344 0.674878 0.865931 -3.264354 1.686683 12.713618 Inside Regular s
264 Pedestrian: 198.267425 163.795575 282.267422 374.0 0 0 44 1.673278 0.618982 0.94666 -2.796045 1.619386 5.396701 Inside Regular s
264 Pedestrian: 195.508461 164.905866 254.749533 362.678094 1 0 45 1.68939 0.545562 0.488782 -3.533321 1.626477 6.460781 Inside Regular s
264 Pedestrian: 835.150201 153.3191 888.816868 292.562473 0 0 46 1.919323 0.643639 1.084147 3.595962 1.656997 10.529125 Inside Regular s
264 Pedestrian: 883.055414 157.57693 936.055412 288.89726 0 0 47 1.826385 0.765883 1.010803 4.303691 1.621325 10.593811 Inside Regular s
264 Pedestrian: 345.594034 171.367099 402.927369 311.97581 0 0 65 1.629934 0.641718 0.916333 -2.998562 1.620397 8.923314 Inside Regular s
266 Pedestrian: 398.774781 177.823166 440.108115 279.622703 0 0 42 1.580344 0.674878 0.865931 -3.204012 1.66785 11.775406 Inside Regular s
266 Pedestrian: 0.0 160.312737 218.009961 374.0 0 0 44 1.673278 0.618982 0.94666 -2.759039 1.620456 3.962355 Inside Regular s
266 Pedestrian: 89.900139 160.596676 166.400141 374.0 1 0 45 1.68939 0.545562 0.488782 -3.402732 1.609047 5.306399 Inside Regular s
266 Pedestrian: 883.893597 146.906236 939.22693 309.752612 0 0 46 1.919323 0.643639 1.084147 3.763747 1.620029 9.080211 Inside Regular s
266 Pedestrian: 934.197838 153.083395 1007.197837 307.630966 0 0 47 1.826385 0.765883 1.010803 4.52363 1.599853 9.076932 Inside Regular s
266 Pedestrian: 307.016736 169.861303 377.6834 340.577626 0 0 65 1.629934 0.641718 0.916333 -2.857605 1.608627 7.44056 Inside Regular s
268 Pedestrian: 380.122535 175.086215 426.7892 286.003269 0 0 42 1.580344 0.674878 0.865931 -3.150246 1.621151 10.835471 Inside Regular s
268 Pedestrian: 0.0 155.931084 102.40467 374.0 0 1 45 1.68939 0.545562 0.488782 -3.359906 1.605482 4.071814 Inside Regular s
268 Pedestrian: 940.278581 137.557564 1023.278584 335.344006 0 0 46 1.919323 0.643639 1.084147 3.874941 1.582847 7.5704 Inside Regular s
268 Pedestrian: 1011.937561 145.100847 1111.93756 332.395349 0 0 47 1.826385 0.765883 1.010803 4.664619 1.562259 7.577868 Inside Regular s
268 Pedestrian: 243.395907 167.55797 330.729241 374.0 0 0 65 1.629934 0.641718 0.916333 -2.716648 1.596857 5.957807 Inside Regular s
270 Pedestrian: 363.907786 175.2782 410.574452 297.22031 0 0 42 1.580344 0.674878 0.865931 -3.109525 1.620794 9.888688 Inside Regular s
270 Pedestrian: 1032.056747 128.389713 1118.056742 374.0 0 0 46 1.919323 0.643639 1.084147 3.947129 1.585963 6.073167 Inside Regular s
270 Pedestrian: 1102.554917 137.211827 1220.888246 373.81305 0 0 47 1.826385 0.765883 1.010803 4.770247 1.555294 6.098612 Inside Regular s
270 Pedestrian: 122.759841 163.907473 252.426507 374.0 0 0 65 1.629934 0.641718 0.916333 -2.582462 1.587203 4.471343 Inside Regular s
272 Pedestrian: 336.116743 176.697341 396.116745 312.127481 0 0 42 1.580344 0.674878 0.865931 -3.06777 1.63461 8.950888 Inside Regular s
272 Pedestrian: 1129.678877 116.264408 1241.0 374.0 0 1 46 1.919323 0.643639 1.084147 3.981614 1.58902 4.57497 Inside Regular s
272 Pedestrian: 445.554027 177.68306 462.554027 234.726937 0 0 48 1.584453 0.664895 0.529822 -4.452024 1.725088 20.410067 Inside Regular s
272 Pedestrian: 0.0 163.993111 160.436993 374.0 0 1 65 1.629934 0.641718 0.916333 -2.477459 1.606666 2.976402 Inside Regular s
274 Pedestrian: 321.762562 179.767932 378.095896 332.194087 0 0 42 1.580344 0.674878 0.865931 -3.024983 1.6626 8.022069 Inside Regular s
274 Pedestrian: 440.955962 180.896949 461.289295 241.737049 0 0 48 1.584453 0.664895 0.529822 -4.24404 1.801958 19.168558 Inside Regular s
274 Pedestrian: 420.588235 176.252223 443.588234 240.655111 0 0 49 1.696865 0.611912 0.50642 -4.877963 1.792059 19.375711 Inside Regular s
276 Pedestrian: 277.883745 181.430602 346.21708 356.743645 0 0 42 1.580344 0.674878 0.865931 -2.95085 1.66907 7.052316 Inside Regular s
276 Pedestrian: 438.265842 181.060652 460.599176 246.209406 0 0 48 1.584453 0.664895 0.529822 -4.05187 1.792325 17.929952 Inside Regular s
276 Pedestrian: 416.830015 177.072621 441.496681 246.141778 0 0 49 1.696865 0.611912 0.50642 -4.656144 1.806186 18.091641 Inside Regular s
278 Pedestrian: 213.154404 174.274914 313.821073 374.0 0 0 42 1.580344 0.674878 0.865931 -2.921802 1.599944 6.081151 Inside Regular s
278 Pedestrian: 431.445682 177.509931 458.779016 247.524999 0 0 48 1.584453 0.664895 0.529822 -3.875515 1.696187 16.694247 Inside Regular s
278 Pedestrian: 410.677575 171.50081 433.677575 245.964949 0 0 49 1.696865 0.611912 0.50642 -4.436876 1.671581 16.806081 Inside Regular s
278 Pedestrian: 643.79898 172.216883 662.465646 232.749027 0 0 50 1.747153 0.634494 0.512418 1.189405 1.733202 21.22842 Inside Regular s
280 Pedestrian: 145.628696 175.540793 255.962029 374.0 0 0 42 1.580344 0.674878 0.865931 -2.886676 1.606098 5.011624 Inside Regular s
280 Pedestrian: 427.466985 176.529928 452.133652 252.649016 0 0 48 1.584453 0.664895 0.529822 -3.695002 1.66732 15.384288 Inside Regular s
280 Pedestrian: 400.854744 170.424823 427.188077 251.233631 0 0 49 1.696865 0.611912 0.50642 -4.260547 1.651385 15.515063 Inside Regular s
280 Pedestrian: 654.104558 171.475795 674.104558 236.288601 0 0 50 1.747153 0.634494 0.512418 1.402444 1.714577 19.852533 Inside Regular s
282 Pedestrian: 0.0 176.088065 202.658843 374.0 0 0 42 1.580344 0.674878 0.865931 -2.837797 1.604861 3.968955 Inside Regular s
282 Pedestrian: 416.803185 180.086306 445.136518 263.962272 0 0 48 1.584453 0.664895 0.529822 -3.501432 1.728267 13.998467 Inside Regular s
282 Pedestrian: 390.157909 173.603179 419.157909 261.889845 0 0 49 1.696865 0.611912 0.50642 -4.123054 1.716862 14.232584 Inside Regular s
282 Pedestrian: 666.628916 174.265892 687.628916 243.908751 0 0 50 1.747153 0.634494 0.512418 1.642617 1.787223 18.504417 Inside Regular s
282 Pedestrian: 1145.135663 172.019062 1207.135663 301.603494 0 0 66 1.674291 0.795588 0.519279 7.621065 1.670568 9.783727 Inside Regular s
284 Pedestrian: 406.973958 177.946797 436.973958 270.897517 0 0 48 1.584453 0.664895 0.529822 -3.345122 1.677701 12.65809 Inside Regular s
284 Pedestrian: 375.074043 171.050618 408.740709 269.0166 0 0 49 1.696865 0.611912 0.50642 -3.987242 1.67117 12.862069 Inside Regular s
284 Pedestrian: 677.879977 172.021516 703.546643 247.570979 0 0 50 1.747153 0.634494 0.512418 1.835696 1.732731 17.087032 Inside Regular s
286 Pedestrian: 389.130552 177.48794 422.463886 282.194426 0 0 48 1.584453 0.664895 0.529822 -3.228068 1.661023 11.273566 Inside Regular s
286 Pedestrian: 355.422345 168.401082 392.089011 278.582531 0 0 49 1.696865 0.611912 0.50642 -3.85624 1.633771 11.476249 Inside Regular s
286 Pedestrian: 691.06306 171.616055 715.06306 254.299766 0 0 50 1.747153 0.634494 0.512418 1.970719 1.72596 15.645444 Inside Regular s
286 Cyclist: 474.471452 176.284042 503.120834 228.330416 0 0 51 1.638075 0.570039 1.999707 -4.014373 1.760002 23.785057 Inside Regular s
288 Pedestrian: 361.404719 177.775109 401.071384 298.1485 0 0 48 1.584453 0.664895 0.529822 -3.153293 1.655694 9.850757 Inside Regular s
288 Pedestrian: 320.942129 166.85291 365.275462 293.086072 0 0 49 1.696865 0.611912 0.50642 -3.77446 1.621646 10.063267 Inside Regular s
288 Pedestrian: 705.34042 170.035649 733.34042 261.531178 0 0 50 1.747153 0.634494 0.512418 2.059192 1.698143 14.178624 Inside Regular s
288 Cyclist: 467.926538 176.073996 499.269529 232.487481 0 0 51 1.638075 0.570039 1.999707 -3.875985 1.745501 22.020914 Inside Regular s
290 Pedestrian: 326.764113 176.152839 375.43078 317.631789 0 0 48 1.584453 0.664895 0.529822 -3.081543 1.627826 8.433808 Inside Regular s
290 Pedestrian: 279.705458 163.166821 329.705458 311.072285 0 0 49 1.696865 0.611912 0.50642 -3.708854 1.591098 8.64191 Inside Regular s
290 Pedestrian: 720.371725 168.079129 752.038391 270.485082 0 0 50 1.747153 0.634494 0.512418 2.147664 1.670325 12.711804 Inside Regular s
290 Cyclist: 459.415246 173.128716 494.08037 234.704583 0 0 51 1.638075 0.570039 1.999707 -3.758342 1.658964 20.257785 Inside Regular s
290 Cyclist: 497.678613 169.930309 520.285392 218.24677 0 0 52 1.797546 0.595113 1.850258 -3.920582 1.701295 27.855561 Inside Regular s
290 Pedestrian: 547.166233 178.529258 561.166233 214.346065 0 0 53 1.534653 0.609532 0.733942 -2.507564 1.787754 31.477157 Outside Regular s
290 Pedestrian: 533.696433 175.994842 549.363101 213.767146 0 0 54 1.606438 0.54053 0.872786 -3.017007 1.749001 31.254337 Outside Regular s
292 Pedestrian: 269.969914 173.842319 335.969912 345.401429 0 0 48 1.584453 0.664895 0.529822 -3.009794 1.599958 7.016859 Inside Regular s
292 Pedestrian: 225.463639 159.621854 279.79697 337.703048 0 0 49 1.696865 0.611912 0.50642 -3.650248 1.576075 7.239219 Inside Regular s
292 Pedestrian: 740.095768 165.594174 773.762436 281.86018 0 0 50 1.747153 0.634494 0.512418 2.236136 1.642508 11.244985 Inside Regular s
292 Cyclist: 450.072519 171.453016 488.746879 239.235111 0 0 51 1.638075 0.570039 1.999707 -3.619118 1.617633 18.493916 Inside Regular s
292 Cyclist: 495.625668 168.175702 518.267857 221.147819 0 0 52 1.797546 0.595113 1.850258 -3.663117 1.651259 25.493924 Inside Regular s
292 Pedestrian: 546.260098 177.208211 561.260098 214.341971 0 0 53 1.534653 0.609532 0.733942 -2.438143 1.723635 30.365391 Outside Regular s
292 Pedestrian: 536.583876 174.593329 549.917209 213.816324 0 0 54 1.606438 0.54053 0.872786 -2.906225 1.685939 30.107244 Outside Regular s
294 Pedestrian: 191.448675 173.511261 266.115344 374.0 0 0 48 1.584453 0.664895 0.529822 -2.977274 1.595621 5.620939 Inside Regular s
294 Pedestrian: 138.190959 156.787248 210.19096 374.0 1 0 49 1.696865 0.611912 0.50642 -3.59144 1.580242 5.836326 Inside Regular s
294 Pedestrian: 766.213811 162.333382 806.547143 296.792166 0 0 50 1.747153 0.634494 0.512418 2.324609 1.614691 9.778165 Inside Regular s
294 Cyclist: 438.262173 169.822089 481.61804 245.109688 0 0 51 1.638075 0.570039 1.999707 -3.497169 1.585416 16.750303 Inside Regular s
294 Cyclist: 492.924903 167.967339 515.619553 226.589067 0 0 52 1.797546 0.595113 1.850258 -3.41274 1.660303 23.131518 Inside Regular s
294 Pedestrian: 548.143611 176.953585 560.476944 215.549554 0 0 53 1.534653 0.609532 0.733942 -2.320174 1.706521 29.230907 Inside Regular s
294 Pedestrian: 535.062953 174.228722 549.396286 215.01481 0 0 54 1.606438 0.54053 0.872786 -2.806367 1.668676 28.971085 Inside Regular s
296 Pedestrian: 23.866498 172.942476 197.201088 374.0 0 0 48 1.584453 0.664895 0.529822 -2.944754 1.591285 4.225018 Inside Regular s
296 Pedestrian: 0.0 152.395652 121.402582 374.0 1 0 49 1.696865 0.611912 0.50642 -3.53481 1.586812 4.42656 Inside Regular s
296 Pedestrian: 799.692002 160.002216 849.025335 319.508394 0 0 50 1.747153 0.634494 0.512418 2.381659 1.61069 8.305726 Inside Regular s
296 Cyclist: 423.114236 168.260173 472.135725 252.805786 0 0 51 1.638075 0.570039 1.999707 -3.392496 1.562311 15.026944 Inside Regular s
296 Cyclist: 489.583347 165.382642 512.356496 230.98651 0 0 52 1.797546 0.595113 1.850258 -3.163042 1.605081 20.769784 Inside Regular s
296 Pedestrian: 547.175054 175.613615 563.508388 215.850777 0 0 53 1.534653 0.609532 0.733942 -2.181961 1.64795 28.046748 Inside Regular s
296 Pedestrian: 532.983602 172.943853 549.650269 215.42734 0 0 54 1.606438 0.54053 0.872786 -2.720178 1.617339 27.825807 Inside Regular s
298 Pedestrian: 846.387011 156.545467 899.720347 353.3502 0 0 50 1.747153 0.634494 0.512418 2.419986 1.60672 6.807368 Inside Regular s
298 Cyclist: 402.84153 167.45015 459.612242 263.854051 0 0 51 1.638075 0.570039 1.999707 -3.302797 1.559503 13.303235 Inside Regular s
298 Cyclist: 477.549689 164.710189 507.222106 238.842324 0 0 52 1.797546 0.595113 1.850258 -3.035103 1.612261 18.486227 Inside Regular s
298 Pedestrian: 546.60304 175.258959 563.269707 217.276502 0 0 53 1.534653 0.609532 0.733942 -2.12082 1.630332 26.875691 Inside Regular s
298 Pedestrian: 530.9259 172.469183 546.925899 216.908461 0 0 54 1.606438 0.54053 0.872786 -2.668692 1.599831 26.62113 Inside Regular s
300 Pedestrian: 910.730997 152.116992 981.397665 374.0 0 0 50 1.747153 0.634494 0.512418 2.445688 1.608918 5.36137 Inside Regular s
300 Cyclist: 374.936543 167.757877 442.799109 279.897127 0 0 51 1.638075 0.570039 1.999707 -3.228071 1.576991 11.579174 Inside Regular s
300 Cyclist: 461.973554 163.8379 500.684129 249.030315 0 0 52 1.797546 0.595113 1.850258 -2.907163 1.619441 16.202669 Inside Regular s
300 Pedestrian: 544.248803 176.985641 560.91547 221.007745 0 0 53 1.534653 0.609532 0.733942 -2.131218 1.687528 25.686679 Inside Regular s
300 Pedestrian: 527.522058 173.489255 545.855391 220.122239 0 0 54 1.606438 0.54053 0.872786 -2.651368 1.636097 25.40004 Inside Regular s
302 Pedestrian: 1011.979604 144.063699 1135.761301 374.0 0 0 50 1.747153 0.634494 0.512418 2.47139 1.611116 3.915372 Inside Regular s
302 Cyclist: 336.16648 168.184965 420.65612 302.200503 0 0 51 1.638075 0.570039 1.999707 -3.153345 1.594478 9.855114 Inside Regular s
302 Cyclist: 441.807659 162.204062 489.380506 262.156693 0 0 52 1.797546 0.595113 1.850258 -2.804911 1.618067 13.946264 Inside Regular s
302 Pedestrian: 538.593889 177.700441 558.593889 223.901639 0 0 53 1.534653 0.609532 0.733942 -2.148499 1.704891 24.502562 Inside Regular s
302 Pedestrian: 523.63318 174.18135 540.633181 223.097907 0 0 54 1.606438 0.54053 0.872786 -2.658581 1.658136 24.243249 Inside Regular s
304 Pedestrian: 1230.058561 138.369416 1241.0 374.0 0 1 50 1.747153 0.634494 0.512418 2.497091 1.613314 2.469375 Inside Regular s
304 Cyclist: 278.260813 166.154393 390.362223 332.131166 0 0 51 1.638075 0.570039 1.999707 -3.087346 1.585306 8.151788 Inside Regular s
304 Cyclist: 414.86347 159.410336 471.209561 279.603239 0 0 52 1.797546 0.595113 1.850258 -2.730455 1.608273 11.758601 Inside Regular s
304 Pedestrian: 535.869569 177.493269 550.536235 226.053501 0 0 53 1.534653 0.609532 0.733942 -2.142325 1.690377 23.333621 Inside Regular s
304 Pedestrian: 520.274732 173.365241 536.9414 224.817952 0 0 54 1.606438 0.54053 0.872786 -2.677708 1.630164 23.069957 Inside Regular s
304 Pedestrian: 632.168597 169.022814 638.835264 207.681268 0 0 56 1.886926 0.611091 0.916752 0.902332 1.707129 35.801945 Outside Regular s
304 Pedestrian: 637.714884 170.419747 650.714884 209.519683 1 0 57 1.914269 0.68582 0.767292 1.586318 1.802018 35.856768 Outside Regular s
306 Cyclist: 184.048571 159.406751 346.59548 374.0 0 0 51 1.638075 0.570039 1.999707 -3.030075 1.549476 6.469196 Inside Regular s
306 Cyclist: 375.226398 155.317354 445.981138 305.293672 0 0 52 1.797546 0.595113 1.850258 -2.658108 1.598612 9.612527 Inside Regular s
306 Pedestrian: 533.033167 176.664441 550.699834 227.839357 0 0 53 1.534653 0.609532 0.733942 -2.15055 1.657549 22.160365 Inside Regular s
306 Pedestrian: 512.432316 172.460311 532.765649 226.726482 0 0 54 1.606438 0.54053 0.872786 -2.696834 1.602192 21.896666 Inside Regular s
306 Pedestrian: 626.884335 168.113569 642.217669 208.499664 0 0 56 1.886926 0.611091 0.916752 1.077941 1.672427 34.288947 Outside Regular s
306 Pedestrian: 644.504189 169.984269 657.504189 210.946591 1 0 57 1.914269 0.68582 0.767292 1.858474 1.786971 34.244645 Outside Regular s
308 Cyclist: 4.754796 156.343464 276.459549 374.0 0 0 51 1.638075 0.570039 1.999707 -2.980253 1.564639 4.785738 Inside Regular s
308 Cyclist: 313.485173 149.217512 410.695049 347.851744 0 0 52 1.797546 0.595113 1.850258 -2.559794 1.593933 7.490588 Inside Regular s
308 Pedestrian: 530.618262 175.106024 552.28493 229.193986 0 0 53 1.534653 0.609532 0.733942 -2.173174 1.606406 20.982793 Inside Regular s
308 Pedestrian: 506.820018 172.332557 528.486684 229.745966 0 0 54 1.606438 0.54053 0.872786 -2.683839 1.599267 20.725399 Inside Regular s
308 Pedestrian: 631.687105 167.119356 646.020438 209.394762 0 0 56 1.886926 0.611091 0.916752 1.25355 1.637725 32.775948 Outside Regular s
308 Pedestrian: 653.013992 169.505344 666.680659 212.516324 1 0 57 1.914269 0.68582 0.767292 2.13063 1.771925 32.632523 Outside Regular s
310 Cyclist: 0.0 158.337368 148.650814 374.0 0 1 51 1.638075 0.570039 1.999707 -2.930431 1.579801 3.10228 Inside Regular s
310 Cyclist: 198.987354 138.42309 355.69783 374.0 0 0 52 1.797546 0.595113 1.850258 -2.435514 1.594237 5.392786 Inside Regular s
310 Pedestrian: 521.167097 177.99628 543.167096 235.443404 0 0 53 1.534653 0.609532 0.733942 -2.217196 1.681253 19.793691 Inside Regular s
310 Pedestrian: 501.444486 174.514776 523.444487 235.40408 0 0 54 1.606438 0.54053 0.872786 -2.689756 1.658566 19.580972 Inside Regular s
310 Pedestrian: 879.708842 168.234946 920.708842 251.782755 0 0 55 1.656644 0.79961 0.503318 5.91629 1.571145 14.778734 Inside Regular s
310 Pedestrian: 636.705367 169.51069 653.0387 214.337151 0 0 56 1.886926 0.611091 0.916752 1.459857 1.7536 30.946152 Outside Regular s
310 Pedestrian: 658.238589 168.95683 671.571922 214.339918 1 0 57 1.914269 0.68582 0.767292 2.298991 1.75645 30.947692 Outside Regular s
312 Cyclist: 0.0 107.195102 251.115306 374.0 0 1 52 1.797546 0.595113 1.850258 -2.327369 1.581705 3.385113 Inside Regular s
312 Pedestrian: 514.484601 177.489176 536.151268 238.620673 0 0 53 1.534653 0.609532 0.733942 -2.227903 1.659899 18.620405 Inside Regular s
312 Pedestrian: 495.944834 173.875925 518.944834 238.635044 0 0 54 1.606438 0.54053 0.872786 -2.694394 1.639885 18.438322 Inside Regular s
312 Pedestrian: 911.325118 165.313351 961.65845 258.187917 0 0 55 1.656644 0.79961 0.503318 5.959143 1.527607 13.335005 Inside Regular s
312 Pedestrian: 642.373873 169.708736 661.04054 217.233386 0 0 56 1.886926 0.611091 0.916752 1.631562 1.769529 29.218084 Inside Regular s
312 Pedestrian: 662.718903 168.344465 682.052236 216.376556 1 0 57 1.914269 0.68582 0.767292 2.467352 1.740975 29.262862 Inside Regular s
314 Pedestrian: 516.651976 174.990184 535.985309 240.138063 0 0 53 1.534653 0.609532 0.733942 -2.24622 1.592837 17.491379 Inside Regular s
314 Pedestrian: 488.691138 169.833873 511.357805 238.931542 0 0 54 1.606438 0.54053 0.872786 -2.69775 1.543224 17.29745 Inside Regular s
314 Pedestrian: 949.373041 161.663979 1004.039707 266.209421 0 0 55 1.656644 0.79961 0.503318 6.001995 1.484068 11.891275 Inside Regular s
314 Pedestrian: 648.865617 166.377539 666.532283 216.69306 0 0 56 1.886926 0.611091 0.916752 1.780981 1.650702 27.617209 Inside Regular s
314 Pedestrian: 670.463414 166.163821 689.796748 217.129091 1 0 57 1.914269 0.68582 0.767292 2.632836 1.668779 27.598854 Inside Regular s
316 Pedestrian: 499.862732 172.137952 526.86273 241.819326 0 0 53 1.534653 0.609532 0.733942 -2.2344 1.525683 16.373255 Inside Regular s
316 Pedestrian: 479.608791 168.471287 503.942124 242.466081 0 0 54 1.606438 0.54053 0.872786 -2.702228 1.517841 16.183583 Inside Regular s
316 Pedestrian: 1009.79239 156.976201 1065.792392 276.547435 0 0 55 1.656644 0.79961 0.503318 6.044848 1.440529 10.447546 Inside Regular s
316 Pedestrian: 655.277127 164.161 673.277128 217.585321 0 0 56 1.886926 0.611091 0.916752 1.912786 1.585967 26.034197 Inside Regular s
316 Pedestrian: 681.265325 162.119142 697.931992 216.343392 1 0 57 1.914269 0.68582 0.767292 2.795442 1.53986 25.95567 Inside Regular s
318 Pedestrian: 494.198912 174.501438 524.198911 249.501897 0 0 53 1.534653 0.609532 0.733942 -2.230128 1.576023 15.250724 Inside Regular s
318 Pedestrian: 467.834323 169.416727 494.167655 249.140438 0 0 54 1.606438 0.54053 0.872786 -2.753718 1.544139 15.054896 Inside Regular s
318 Pedestrian: 1074.489667 155.208234 1133.489668 294.370223 0 0 55 1.656644 0.79961 0.503318 6.07881 1.450134 9.038089 Inside Regular s
318 Pedestrian: 662.305996 165.317837 681.305995 222.291659 0 0 56 1.886926 0.611091 0.916752 2.036301 1.643599 24.447466 Inside Regular s
318 Pedestrian: 688.997132 164.340884 706.997131 222.338131 1 0 57 1.914269 0.68582 0.767292 2.936302 1.638181 24.304251 Inside Regular s
320 Pedestrian: 486.120032 177.246509 515.120032 258.445075 0 0 53 1.534653 0.609532 0.733942 -2.225857 1.626364 14.128193 Inside Regular s
320 Pedestrian: 456.552521 172.552272 486.219188 258.902183 0 0 54 1.606438 0.54053 0.872786 -2.738241 1.608552 13.943798 Inside Regular s
320 Pedestrian: 1152.07678 152.869873 1235.410114 320.081229 0 0 55 1.656644 0.79961 0.503318 6.070726 1.46176 7.595108 Inside Regular s
320 Pedestrian: 670.865178 165.751359 692.198512 226.765527 0 0 56 1.886926 0.611091 0.916752 2.176974 1.673559 22.864297 Inside Regular s
320 Pedestrian: 699.558483 165.681365 720.891817 228.015913 0 0 57 1.914269 0.68582 0.767292 3.069641 1.699063 22.650883 Inside Regular s
322 Pedestrian: 476.133874 174.11018 501.800541 261.997917 0 0 53 1.534653 0.609532 0.733942 -2.219288 1.564104 13.077512 Inside Regular s
322 Pedestrian: 446.329961 170.828005 477.663295 264.683436 0 0 54 1.606438 0.54053 0.872786 -2.722449 1.579089 12.862625 Inside Regular s
322 Pedestrian: 679.217269 163.516842 702.550603 229.127939 0 0 56 1.886926 0.611091 0.916752 2.323627 1.624083 21.292769 Inside Regular s
322 Pedestrian: 711.840253 161.895505 737.50692 228.986961 0 0 57 1.914269 0.68582 0.767292 3.238628 1.605395 21.065289 Inside Regular s
324 Pedestrian: 466.180144 175.40564 501.513477 271.192997 0 0 53 1.534653 0.609532 0.733942 -2.178205 1.583497 12.036946 Inside Regular s
324 Pedestrian: 434.587036 169.403773 466.587036 271.878627 0 0 54 1.606438 0.54053 0.872786 -2.669811 1.5594 11.817737 Inside Regular s
324 Pedestrian: 690.71675 162.197952 719.050083 233.105141 0 0 56 1.886926 0.611091 0.916752 2.500317 1.608745 19.737876 Inside Regular s
324 Pedestrian: 725.93832 160.384057 750.938319 232.89721 0 0 57 1.914269 0.68582 0.767292 3.369229 1.588454 19.520448 Inside Regular s
326 Pedestrian: 454.036541 176.216902 490.036541 281.591351 0 0 53 1.534653 0.609532 0.733942 -2.183475 1.591846 10.981829 Inside Regular s
326 Pedestrian: 418.571372 170.885053 453.238039 284.224918 0 0 54 1.606438 0.54053 0.872786 -2.657754 1.585903 10.733214 Inside Regular s
326 Pedestrian: 702.296212 162.776257 734.296211 239.938464 0 0 56 1.886926 0.611091 0.916752 2.673757 1.646033 18.181387 Inside Regular s
326 Pedestrian: 742.476543 161.242803 772.476545 240.221941 0 0 57 1.914269 0.68582 0.767292 3.465976 1.636467 17.963371 Inside Regular s
326 Cyclist: 846.301169 178.384812 877.865919 227.827643 0 0 58 1.405707 0.497927 1.317099 7.401964 1.574213 21.265779 Inside Regular s
326 Pedestrian: 384.350889 168.42943 413.684223 241.701901 0 0 60 1.60416 0.295863 0.72168 -4.725067 1.512174 16.018646 Inside Regular s
328 Pedestrian: 435.244181 177.19192 477.910848 294.251273 0 0 53 1.534653 0.609532 0.733942 -2.180199 1.600023 9.929203 Inside Regular s
328 Pedestrian: 391.181749 171.35644 434.515084 297.585737 0 0 54 1.606438 0.54053 0.872786 -2.675107 1.594871 9.685223 Inside Regular s
328 Pedestrian: 715.036242 161.016756 748.036241 245.223658 0 0 56 1.886926 0.611091 0.916752 2.741422 1.626824 16.700067 Inside Regular s
328 Pedestrian: 753.644061 158.924877 781.310727 245.655899 0 0 57 1.914269 0.68582 0.767292 3.521299 1.609812 16.393478 Inside Regular s
328 Cyclist: 858.565427 178.424753 890.430061 232.245301 0 0 58 1.405707 0.497927 1.317099 7.153875 1.562239 19.5915 Inside Regular s
328 Pedestrian: 363.397997 169.581784 394.73133 249.326002 0 0 60 1.60416 0.295863 0.72168 -4.722781 1.543396 14.73163 Inside Regular s
330 Pedestrian: 411.589236 178.483337 458.589237 310.465983 0 0 53 1.534653 0.609532 0.733942 -2.245003 1.608962 8.855682 Inside Regular s
330 Pedestrian: 364.705739 168.966172 413.705739 310.133465 0 0 54 1.606438 0.54053 0.872786 -2.741183 1.569276 8.705257 Inside Regular s
330 Pedestrian: 725.080936 160.195604 763.414269 252.964031 0 0 56 1.886926 0.611091 0.916752 2.761172 1.634429 15.205229 Inside Regular s
330 Pedestrian: 767.419533 157.139757 799.752866 252.219238 0 0 57 1.914269 0.68582 0.767292 3.556075 1.600514 14.990513 Inside Regular s
330 Cyclist: 873.242958 178.472223 905.22339 237.521196 0 0 58 1.405707 0.497927 1.317099 6.905786 1.550265 17.917222 Inside Regular s
330 Pedestrian: 337.532216 168.442414 369.532215 255.898598 1 0 60 1.60416 0.295863 0.72168 -4.746671 1.528225 13.444036 Inside Regular s
332 Pedestrian: 376.975836 178.297541 428.975834 327.174713 0 0 53 1.534653 0.609532 0.733942 -2.33995 1.599299 7.886251 Inside Regular s
332 Pedestrian: 325.518625 173.337473 381.851958 332.801998 0 0 54 1.606438 0.54053 0.872786 -2.802778 1.619173 7.759957 Inside Regular s
332 Pedestrian: 739.058857 159.576873 776.725523 262.380188 0 0 56 1.886926 0.611091 0.916752 2.757432 1.648078 13.770691 Inside Regular s
332 Pedestrian: 781.542878 156.664832 829.542878 261.931945 1 0 57 1.914269 0.68582 0.767292 3.579242 1.622506 13.583413 Inside Regular s
332 Cyclist: 886.679676 178.745332 921.188868 243.751205 0 0 58 1.405707 0.497927 1.317099 6.629642 1.544389 16.34337 Inside Regular s
332 Cyclist: 915.760505 169.934156 967.348055 236.764743 0 0 59 1.57516 0.53887 1.703703 8.149251 1.510063 17.782406 Inside Regular s
332 Pedestrian: 304.767461 168.617936 337.434127 265.584537 1 0 60 1.60416 0.295863 0.72168 -4.791993 1.539119 12.140279 Inside Regular s
334 Pedestrian: 337.017207 179.967101 390.017208 350.866959 0 0 53 1.534653 0.609532 0.733942 -2.423759 1.607352 6.921856 Inside Regular s
334 Pedestrian: 279.969278 170.095255 343.635946 352.645635 0 0 54 1.606438 0.54053 0.872786 -2.872893 1.589507 6.834918 Inside Regular s
334 Pedestrian: 754.462698 157.659603 793.79603 272.299698 0 0 56 1.886926 0.611091 0.916752 2.740067 1.64126 12.399516 Inside Regular s
334 Pedestrian: 806.180574 153.627738 844.680573 271.423673 1 0 57 1.914269 0.68582 0.767292 3.625045 1.604114 12.183741 Inside Regular s
334 Cyclist: 903.269771 179.074181 940.668968 251.383072 0 0 58 1.405707 0.497927 1.317099 6.356861 1.538477 14.767456 Inside Regular s
334 Cyclist: 935.610065 170.6332 979.332702 244.188884 0 0 59 1.57516 0.53887 1.703703 7.822724 1.533356 16.287646 Inside Regular s
334 Pedestrian: 273.113642 168.368993 304.446976 276.657248 2 0 60 1.60416 0.295863 0.72168 -4.839698 1.542795 10.885309 Inside Regular s
336 Pedestrian: 284.609802 180.301248 350.609804 374.0 0 0 53 1.534653 0.609532 0.733942 -2.497987 1.600822 5.99053 Inside Regular s
336 Pedestrian: 220.531626 172.965241 293.198295 374.0 0 0 54 1.606438 0.54053 0.872786 -2.911841 1.615064 5.913827 Inside Regular s
336 Pedestrian: 770.256084 153.382239 819.256084 282.826587 0 0 56 1.886926 0.611091 0.916752 2.745239 1.606588 11.034901 Inside Regular s
336 Pedestrian: 831.322535 147.792314 879.655869 280.452062 1 0 57 1.914269 0.68582 0.767292 3.665534 1.554805 10.869592 Inside Regular s
336 Cyclist: 925.626744 177.908122 963.517847 259.487273 0 0 58 1.405707 0.497927 1.317099 6.070003 1.502341 13.151215 Inside Regular s
336 Cyclist: 959.022217 169.433248 997.526904 251.173893 0 0 59 1.57516 0.53887 1.703703 7.514393 1.516069 14.764842 Inside Regular s
336 Pedestrian: 219.580553 166.252945 284.247223 288.355865 2 0 60 1.60416 0.295863 0.72168 -4.915804 1.522461 9.666509 Inside Regular s
338 Pedestrian: 199.70181 175.876289 274.035143 374.0 0 0 53 1.534653 0.609532 0.733942 -2.573772 1.561995 5.087236 Inside Regular s
338 Pedestrian: 131.37427 167.35194 222.374273 374.0 0 0 54 1.606438 0.54053 0.872786 -2.988029 1.579013 4.986408 Inside Regular s
338 Pedestrian: 799.654825 148.077804 853.988156 296.701395 0 0 56 1.886926 0.611091 0.916752 2.77328 1.575623 9.676518 Inside Regular s
338 Pedestrian: 867.86502 142.817398 922.531687 294.696038 1 0 57 1.914269 0.68582 0.767292 3.696096 1.53776 9.552048 Inside Regular s
338 Cyclist: 957.525217 176.343586 996.225229 270.142587 0 0 58 1.405707 0.497927 1.317099 5.793827 1.46498 11.511345 Inside Regular s
338 Cyclist: 986.631799 165.609023 1024.705689 257.646792 1 0 59 1.57516 0.53887 1.703703 7.224259 1.458204 13.213993 Inside Regular s
338 Pedestrian: 149.707415 162.022592 217.374083 301.864546 2 0 60 1.60416 0.295863 0.72168 -4.963478 1.484762 8.45641 Inside Regular s
