4 Car: 479.177595 164.163281 514.255868 193.622112 0 0 0 1.5 1.589289 3.603515 -5.899274 0.660638 38.256779 Outside Stopped s
4 Pedestrian: 929.843766 153.812155 952.510433 216.698988 1 0 1 1.8625 0.545063 1.161632 10.336788 1.070787 21.601233 Inside Stopped s
4 Pedestrian: 944.797506 153.930066 974.797506 215.934459 0 0 2 1.842517 0.564026 1.229738 11.121915 1.05159 21.708947 Inside Stopped s
4 Van: 1033.903312 153.496275 1192.042067 207.210984 1 0 3 1.882812 1.815625 4.570312 18.888088 0.934168 26.45624 Inside Stopped s
4 Car: 495.271545 168.131522 524.852308 190.832449 1 0 15 1.355712 1.569157 4.06335 -5.9771 0.60763 44.885989 Outside Stopped s
4 Car: 504.479759 166.771299 554.353539 183.087966 1 0 16 1.5 1.697545 4.453753 -7.148955 0.212887 67.420988 Outside Stopped s
6 Car: 479.745299 164.692417 514.538195 194.309112 0 0 0 1.5 1.589289 3.603515 -5.848241 0.692214 38.072082 Outside Stopped s
6 Pedestrian: 934.165179 154.216408 958.831844 217.027047 1 0 1 1.8625 0.545063 1.161632 10.384442 1.081743 21.626831 Inside Stopped s
6 Pedestrian: 944.228579 154.398401 973.561914 216.276744 0 0 2 1.842517 0.564026 1.229738 11.111495 1.06384 21.752472 Inside Stopped s
6 Van: 1034.164176 153.523836 1192.559958 207.255776 1 0 3 1.882812 1.815625 4.570312 18.894217 0.935828 26.446405 Inside Stopped s
6 Car: 495.876226 168.368099 525.342177 191.116726 2 0 15 1.355712 1.569157 4.06335 -5.930766 0.623538 44.797246 Outside Stopped s
6 Car: 512.777534 167.795162 559.798203 184.090484 1 0 16 1.5 1.697545 4.453753 -6.484903 0.305386 67.473687 Outside Stopped s
8 Car: 480.318959 165.22724 514.822471 195.003 0 0 0 1.5 1.589289 3.603515 -5.797208 0.72379 37.887385 Outside Stopped s
8 Pedestrian: 930.716826 154.605993 953.05016 217.411211 1 0 1 1.8625 0.545063 1.161632 10.437738 1.093164 21.628295 Outside Stopped s
8 Pedestrian: 942.826555 154.55449 964.493221 216.297931 1 0 2 1.842517 0.564026 1.229738 11.081128 1.066604 21.797143 Inside Stopped s
8 Van: 1038.09596 155.167186 1199.040519 209.412833 1 0 3 1.882812 1.815625 4.570312 18.897471 1.005176 26.191804 Inside Stopped s
8 Car: 497.139697 168.855796 525.949005 191.673359 1 0 15 1.355712 1.569157 4.06335 -5.855793 0.655312 44.670753 Outside Stopped s
8 Car: 516.349484 169.366013 563.339703 185.701988 1 0 16 1.5 1.697545 4.453753 -6.137767 0.456138 67.387591 Outside Stopped s
10 Car: 482.301604 165.15814 516.851326 195.278205 0 0 0 1.5 1.589289 3.603515 -5.629438 0.729124 37.477717 Outside Stopped s
10 Pedestrian: 937.600078 154.995814 963.933411 217.794222 1 0 1 1.8625 0.545063 1.161632 10.491035 1.104586 21.62976 Inside Stopped s
10 Pedestrian: 946.259418 154.712403 964.592752 216.31412 1 0 2 1.842517 0.564026 1.229738 11.050761 1.069368 21.841815 Inside Stopped s
10 Van: 1042.113521 156.849863 1205.647167 211.60599 1 0 3 1.882812 1.815625 4.570312 18.900726 1.074524 25.937203 Outside Stopped s
10 Car: 498.412758 169.346228 526.55757 192.233386 2 0 15 1.355712 1.569157 4.06335 -5.780819 0.687086 44.54426 Outside Stopped s
10 Car: 521.430552 169.278464 563.50852 185.518987 0 0 16 1.5 1.697545 4.453753 -5.930593 0.441416 67.973161 Outside Stopped s
12 Car: 484.326263 165.087455 518.926978 195.559713 0 0 0 1.5 1.589289 3.603515 -5.461669 0.734458 37.068049 Outside Stopped s
12 Pedestrian: 930.780476 155.30108 959.113809 218.279833 1 0 1 1.8625 0.545063 1.161632 10.593619 1.115723 21.568174 Outside Stopped s
12 Pedestrian: 941.654266 154.560639 960.320933 216.224391 2 0 2 1.842517 0.564026 1.229738 11.118443 1.065565 21.819516 Inside Stopped s
12 Van: 1054.897328 156.996373 1221.938499 212.321292 1 0 3 1.882812 1.815625 4.570312 19.220778 1.089602 25.664503 Outside Stopped s
12 Car: 502.445287 169.214457 530.594923 192.252344 2 0 15 1.355712 1.569157 4.06335 -5.492132 0.683551 44.265597 Outside Stopped s
12 Car: 530.17113 169.079924 567.304685 185.241867 0 0 16 1.5 1.697545 4.453753 -5.369454 0.418909 68.52427 Outside Stopped s
14 Car: 488.064155 164.96255 522.613759 195.91313 0 0 0 1.5 1.589289 3.603515 -5.191739 0.740068 36.526734 Outside Regular s
14 Pedestrian: 935.984146 155.60846 955.650813 218.767169 0 0 1 1.8625 0.545063 1.161632 10.696203 1.12686 21.506589 Outside Regular s
14 Pedestrian: 943.554245 154.40864 962.554245 216.134396 1 0 2 1.842517 0.564026 1.229738 11.186125 1.061762 21.797216 Outside Regular s
14 Van: 1067.357179 156.883642 1223.0 212.945613 1 0 3 1.882812 1.815625 4.570312 19.416345 1.092789 25.240915 Outside Regular s
14 Car: 506.36907 168.858063 534.534414 192.048542 2 0 15 1.355712 1.569157 4.06335 -5.212932 0.666785 43.986051 Outside Regular s
14 Car: 537.485938 168.934666 570.922438 185.056403 0 0 16 1.5 1.697545 4.453753 -4.860406 0.403617 68.80442 Outside Regular s
16 Car: 493.649834 164.769386 528.112098 196.389106 0 0 0 1.5 1.589289 3.603515 -4.80952 0.746749 35.796196 Outside Regular s
16 Pedestrian: 942.20573 155.876043 969.539063 219.363639 0 0 1 1.8625 0.545063 1.161632 10.824146 1.138464 21.395943 Outside Regular s
16 Pedestrian: 947.423788 154.383909 972.423787 216.355796 1 0 2 1.842517 0.564026 1.229738 11.289994 1.063997 21.708472 Outside Regular s
16 Van: 1079.719768 156.295733 1223.0 213.488683 1 0 3 1.882812 1.815625 4.570312 19.487427 1.084085 24.666439 Inside Regular s
16 Car: 511.682264 168.593852 539.939022 191.942661 2 0 15 1.355712 1.569157 4.06335 -4.847859 0.655804 43.700355 Outside Regular s
16 Car: 544.975811 168.785491 575.630802 184.857734 1 0 16 1.5 1.697545 4.453753 -4.285085 0.386952 69.070264 Outside Regular s
18 Car: 499.449375 164.55716 533.944473 196.930796 0 0 0 1.5 1.589289 3.603515 -4.417174 0.754225 35.008084 Outside Regular s
18 Pedestrian: 951.013426 156.105141 976.013425 220.075259 0 0 1 1.8625 0.545063 1.161632 10.977447 1.150535 21.236237 Outside Regular s
18 Pedestrian: 953.996172 154.490548 979.329504 216.889473 2 0 2 1.842517 0.564026 1.229738 11.430052 1.07227 21.553282 Outside Regular s
18 Van: 1097.958485 155.922248 1223.0 214.253503 1 0 3 1.882812 1.815625 4.570312 19.737685 1.08118 24.078994 Inside Regular s
18 Car: 518.019286 167.988355 546.479501 191.501141 2 0 15 1.355712 1.569157 4.06335 -4.419924 0.625125 43.407143 Outside Regular s
18 Car: 553.862613 168.621894 581.087201 184.659861 2 0 16 1.5 1.697545 4.453753 -3.597541 0.370157 69.266381 Outside Regular s
20 Car: 505.610045 163.324685 541.025386 196.588613 0 0 0 1.5 1.589289 3.603515 -3.976674 0.717765 34.115908 Outside Regular s
20 Pedestrian: 955.584094 155.98615 986.917427 220.60477 0 0 1 1.8625 0.545063 1.161632 11.127025 1.154108 21.023943 Outside Regular s
20 Pedestrian: 963.906957 154.467752 985.906956 217.645703 2 0 2 1.842517 0.564026 1.229738 11.604716 1.081037 21.293215 Outside Regular s
20 Van: 1117.096249 155.525869 1223.0 215.058804 1 0 3 1.882812 1.815625 4.570312 19.987943 1.078274 23.491549 Inside Regular s
20 Car: 524.500684 166.213707 553.154408 189.890481 1 0 15 1.355712 1.569157 4.06335 -3.988909 0.526944 43.11458 Outside Regular m
20 Car: 561.707076 168.453537 586.49563 184.420211 1 0 16 1.5 1.697545 4.453753 -2.964678 0.349817 69.590148 Outside Regular s
22 Car: 513.034408 160.971551 549.533913 195.284259 0 0 0 1.5 1.589289 3.603515 -3.48802 0.637369 33.119668 Outside Regular s
22 Pedestrian: 969.344704 155.50077 997.678036 220.949393 0 0 1 1.8625 0.545063 1.161632 11.272877 1.149185 20.75906 Inside Regular s
22 Pedestrian: 976.29129 154.442178 1005.957957 218.423031 1 0 2 1.842517 0.564026 1.229738 11.812029 1.090162 21.035031 Inside Regular s
22 Van: 1137.60289 155.378271 1223.0 216.19688 1 1 3 1.882812 1.815625 4.570312 20.239834 1.084283 22.880766 Outside Regular s
22 Car: 531.711597 163.654962 561.192727 188.020244 2 0 15 1.355712 1.569157 4.06335 -3.427879 0.405795 41.948646 Outside Regular m
22 Car: 571.77636 165.564627 590.333527 181.54107 1 0 16 1.5 1.697545 4.453753 -2.344281 0.07892 69.546662 Outside Regular s
24 Car: 519.098285 160.857466 556.755007 196.292925 0 0 0 1.5 1.589289 3.603515 -3.081333 0.659778 32.131093 Outside Regular s
24 Pedestrian: 977.020715 154.978424 1000.020715 221.300311 0 0 1 1.8625 0.545063 1.161632 11.418729 1.144262 20.494176 Outside Regular s
24 Pedestrian: 985.689358 154.425277 1003.689358 219.217978 2 0 2 1.842517 0.564026 1.229738 12.051991 1.099644 20.77873 Outside Regular s
24 Van: 1159.378378 154.547231 1223.0 216.727135 1 1 3 1.882812 1.815625 4.570312 20.484579 1.070088 22.240013 Inside Regular m
24 Car: 538.831656 165.603457 569.195228 190.7048 0 0 15 1.355712 1.569157 4.06335 -2.895649 0.540305 40.783628 Outside Regular s
24 Car: 579.776137 165.365541 598.310301 181.357278 0 0 16 1.5 1.697545 4.453753 -1.557386 0.061068 69.487499 Outside Regular s
26 Car: 525.571471 160.73578 564.463992 197.369078 0 0 0 1.5 1.589289 3.603515 -2.674646 0.682186 31.142519 Outside Regular s
26 Pedestrian: 982.83885 154.43822 1020.505515 221.707139 0 0 1 1.8625 0.545063 1.161632 11.532893 1.139911 20.21263 Inside Regular s
26 Pedestrian: 999.473474 154.382401 1028.473473 220.354525 1 0 2 1.842517 0.564026 1.229738 12.124444 1.111845 20.418555 Inside Regular s
26 Van: 1182.116527 152.78115 1223.0 216.039833 1 1 3 1.882812 1.815625 4.570312 20.720546 1.026773 21.592629 Inside Regular s
26 Car: 545.01871 165.118665 576.131797 190.979582 2 0 15 1.355712 1.569157 4.06335 -2.446121 0.538403 39.645123 Outside Regular m
26 Car: 585.955976 165.210674 606.29327 181.163257 0 0 16 1.5 1.697545 4.453753 -0.865412 0.043537 69.633766 Outside Regular s
28 Car: 529.078144 161.665291 569.338851 199.607296 0 0 0 1.5 1.589289 3.603515 -2.373872 0.74761 30.136781 Outside Regular s
28 Pedestrian: 1009.963762 153.880397 1033.630429 222.169134 1 0 1 1.8625 0.545063 1.161632 11.615367 1.136133 19.914421 Inside Regular s
28 Pedestrian: 1004.170333 155.001454 1033.503665 221.757697 1 0 2 1.842517 0.564026 1.229738 12.086583 1.137399 20.18701 Inside Regular s
28 Van: 1206.294672 156.785402 1223.0 219.227591 1 1 3 1.882812 1.815625 4.570312 20.85984 1.143317 20.851483 Outside Regular s
28 Car: 549.672641 165.384322 581.449551 192.033396 2 0 15 1.355712 1.569157 4.06335 -2.105069 0.576274 38.533108 Outside Regular s
28 Car: 584.801906 165.51011 612.081309 181.437596 0 0 16 1.5 1.697545 4.453753 -0.643878 0.073933 69.606031 Outside Regular s
30 Car: 524.103387 162.67009 566.241497 202.371335 0 0 0 1.5 1.589289 3.603515 -2.43722 0.819522 28.886074 Outside Regular s
30 Pedestrian: 987.94604 156.37724 1023.946039 225.22492 1 0 1 1.8625 0.545063 1.161632 11.478366 1.208582 19.764982 Inside Regular s
30 Pedestrian: 1000.828062 156.294641 1037.828061 223.407993 1 0 2 1.842517 0.564026 1.229738 11.938406 1.176306 20.084094 Inside Regular s
30 Van: 1218.632508 160.28489 1223.0 222.804744 1 1 3 1.882812 1.815625 4.570312 20.79786 1.252529 20.34729 Outside Regular s
30 Car: 544.436741 168.202913 577.949251 195.697586 2 0 15 1.355712 1.569157 4.06335 -2.272691 0.741279 37.41211 Outside Regular m
30 Car: 577.914079 168.766907 607.01917 184.697548 0 0 16 1.5 1.697545 4.453753 -1.233388 0.385631 69.626705 Outside Regular s
32 Car: 511.660483 162.656423 555.884639 204.269622 0 0 0 1.5 1.589289 3.603515 -2.786841 0.850389 27.645395 Outside Regular s
32 Pedestrian: 993.608819 156.033593 1020.275486 225.217205 0 0 1 1.8625 0.545063 1.161632 11.015331 1.203097 19.668556 Inside Regular s
32 Pedestrian: 984.548727 157.939946 1016.215395 225.399108 2 0 2 1.842517 0.564026 1.229738 11.53063 1.225592 19.978722 Inside Regular s
32 Van: 1214.133092 159.324092 1223.0 223.206551 0 1 3 1.882812 1.815625 4.570312 20.431449 1.235709 20.103491 Inside Regular s
32 Car: 534.416442 168.593172 568.716114 197.086413 2 0 15 1.355712 1.569157 4.06335 -2.688934 0.781912 36.177687 Outside Regular s
32 Car: 565.151139 170.480805 595.696436 186.413077 0 0 16 1.5 1.697545 4.453753 -2.419467 0.55039 69.626375 Outside Regular s
34 Car: 492.493242 162.631644 539.105868 206.381676 0 0 0 1.5 1.589289 3.603515 -3.323164 0.881337 26.387266 Inside Regular s
34 Pedestrian: 967.790036 155.690239 991.12337 225.201573 0 0 1 1.8625 0.545063 1.161632 10.552296 1.197613 19.572129 Inside Regular s
34 Pedestrian: 968.62713 158.048431 992.960463 225.701623 1 0 2 1.842517 0.564026 1.229738 10.991001 1.230919 19.915984 Inside Regular s
34 Van: 1209.563712 158.325795 1223.0 223.598596 0 1 3 1.882812 1.815625 4.570312 20.065037 1.218889 19.859692 Inside Regular s
34 Car: 515.639384 166.240712 551.776818 195.815657 2 0 15 1.355712 1.569157 4.06335 -3.475341 0.693666 34.928112 Inside Regular m
34 Car: 543.420758 167.974123 578.035873 183.864499 0 0 16 1.5 1.697545 4.453753 -4.352268 0.311896 69.524365 Outside Regular s
36 Car: 465.213434 163.411752 515.002176 209.940466 0 0 0 1.5 1.589289 3.603515 -4.021248 0.943913 24.927919 Inside Regular s
36 Pedestrian: 933.532818 154.492881 968.532818 224.005387 0 0 1 1.8625 0.545063 1.161632 9.735496 1.166008 19.564956 Inside Regular s
36 Pedestrian: 949.300606 156.600167 971.633938 224.311847 1 0 2 1.842517 0.564026 1.229738 10.319518 1.192289 19.895881 Inside Regular s
36 Van: 1193.613598 156.954321 1223.0 224.480395 0 1 3 1.882812 1.815625 4.570312 19.488092 1.198698 19.762565 Inside Regular s
36 Car: 491.948528 168.965888 529.992625 199.79539 2 0 15 1.355712 1.569157 4.06335 -4.420904 0.842661 33.603537 Inside Regular m
36 Car: 515.119096 169.455714 554.992272 185.385351 1 0 16 1.5 1.697545 4.453753 -6.831342 0.460409 69.106844 Outside Regular s
38 Car: 433.130511 162.388743 486.917934 212.30624 0 0 0 1.5 1.589289 3.603515 -4.761723 0.950442 23.359816 Inside Regular m
38 Pedestrian: 909.921209 153.297809 936.254541 222.805248 0 0 1 1.8625 0.545063 1.161632 8.918697 1.134403 19.557783 Inside Regular s
38 Pedestrian: 923.497553 154.530852 951.497553 222.805576 1 0 2 1.842517 0.564026 1.229738 9.570477 1.142156 19.731702 Inside Regular s
38 Van: 1166.371009 155.168131 1223.0 225.784311 0 1 3 1.882812 1.815625 4.570312 18.700614 1.175137 19.81211 Inside Regular s
38 Car: 460.448897 166.737248 500.865721 199.005587 2 0 15 1.355712 1.569157 4.06335 -5.611096 0.770835 32.191843 Inside Regular m
38 Car: 482.979623 168.066421 523.129502 184.111451 2 0 16 1.5 1.697545 4.453753 -9.879791 0.336157 68.564444 Outside Regular s
40 Car: 394.600346 159.144419 453.518084 213.22385 0 0 0 1.5 1.589289 3.603515 -5.544588 0.900925 21.682956 Inside Regular m
40 Pedestrian: 867.621232 153.568746 901.621232 223.236638 0 0 1 1.8625 0.545063 1.161632 7.889967 1.143684 19.506167 Inside Regular s
40 Pedestrian: 888.156969 154.234771 919.156969 222.197165 1 0 2 1.842517 0.564026 1.229738 8.431789 1.131565 19.805652 Inside Regular s
40 Van: 1139.169224 153.931338 1223.0 224.952882 0 1 3 1.882812 1.815625 4.570312 17.913135 1.151576 19.861654 Inside Regular s
40 Car: 422.443067 164.30264 466.325938 198.162753 2 0 15 1.355712 1.569157 4.06335 -6.933548 0.69966 30.760185 Inside Regular m
40 Car: 447.756376 164.989185 488.566125 181.378234 1 0 16 1.5 1.697545 4.453753 -13.09317 0.064483 67.688748 Outside Regular s
42 Car: 345.570662 161.639239 411.597532 221.429635 0 0 0 1.5 1.589289 3.603515 -6.393523 1.021604 19.793802 Inside Regular s
42 Pedestrian: 835.659983 155.316749 869.993315 225.316187 0 0 1 1.8625 0.545063 1.161632 6.649305 1.193852 19.410108 Inside Regular s
42 Pedestrian: 847.110605 156.046598 871.777273 224.008437 1 0 2 1.842517 0.564026 1.229738 7.245969 1.181183 19.792599 Inside Regular s
42 Van: 1098.016263 156.539679 1223.0 227.751893 0 0 3 1.882812 1.815625 4.570312 16.788858 1.230184 20.051923 Inside Regular s
42 Car: 378.30484 166.825945 425.256414 202.784685 2 0 15 1.355712 1.569157 4.06335 -8.306613 0.83527 29.099681 Inside Regular m
42 Car: 400.249894 168.175305 446.68827 184.781761 2 0 16 1.5 1.697545 4.453753 -17.086128 0.381082 66.617171 Inside Regular s
44 Car: 282.173245 164.62374 360.033026 231.896652 0 0 0 1.5 1.589289 3.603515 -7.246616 1.143074 17.801172 Inside Regular s
44 Pedestrian: 786.597373 157.082146 808.930708 227.414408 0 0 1 1.8625 0.545063 1.161632 5.408643 1.24402 19.314048 Inside Regular s
44 Pedestrian: 793.052364 158.948233 820.052365 227.25028 1 0 2 1.842517 0.564026 1.229738 5.771785 1.263181 19.684119 Inside Regular s
44 Van: 1051.47185 159.907824 1223.0 231.039372 0 0 3 1.882812 1.815625 4.570312 15.544624 1.329142 20.31173 Inside Regular s
44 Car: 317.708057 170.052117 370.637884 208.568897 1 0 15 1.355712 1.569157 4.06335 -10.018241 0.9865 27.332238 Inside Regular m
44 Car: 340.692762 170.792339 389.240975 187.814656 2 0 16 1.5 1.697545 4.453753 -21.957118 0.64707 64.734058 Inside Regular s
46 Car: 195.801243 168.332769 294.135975 245.754512 0 0 0 1.5 1.589289 3.603515 -8.103869 1.265336 15.705067 Inside Regular m
46 Pedestrian: 722.701484 158.568435 757.034816 229.639062 0 0 1 1.8625 0.545063 1.161632 3.587275 1.29015 19.096914 Inside Regular s
46 Pedestrian: 725.768256 160.834436 752.101589 229.497667 1 0 2 1.842517 0.564026 1.229738 4.05637 1.31735 19.567214 Inside Regular s
46 Van: 991.077967 164.170625 1176.29625 234.528235 0 0 3 1.882812 1.815625 4.570312 13.932587 1.444897 20.688881 Inside Regular s
46 Car: 232.968293 171.622201 295.222913 213.550061 2 0 15 1.355712 1.569157 4.06335 -12.116592 1.069861 25.288817 Inside Regular m
46 Car: 265.746272 174.330513 320.558576 192.014608 2 0 16 1.5 1.697545 4.453753 -27.514394 0.986457 62.456696 Inside Regular s
48 Car: 76.756301 168.959599 209.729852 260.078624 0 0 0 1.5 1.589289 3.603515 -8.949867 1.312634 13.53539 Inside Regular s
48 Pedestrian: 650.473412 159.965893 680.140078 232.151224 0 0 1 1.8625 0.545063 1.161632 1.601269 1.336279 18.765423 Inside Regular s
48 Pedestrian: 655.692251 161.975542 687.358918 231.869594 1 0 2 1.842517 0.564026 1.229738 2.024355 1.357555 19.20209 Inside Regular s
48 Van: 920.465874 164.684555 1094.41448 234.216327 0 0 3 1.882812 1.815625 4.570312 11.909386 1.449632 21.007417 Outside Regular s
48 Car: 129.794993 174.790872 203.445718 220.603296 2 0 15 1.355712 1.569157 4.06335 -14.38293 1.19296 23.344716 Inside Regular m
48 Car: 172.724612 177.37638 233.347489 196.134896 1 0 16 1.5 1.697545 4.453753 -33.568448 1.270565 59.112046 Inside Regular s
50 Car: 0.0 169.847227 110.485367 278.797076 0 0 0 1.5 1.589289 3.603515 -9.442102 1.36133 11.275874 Inside Regular s
50 Pedestrian: 562.651222 159.581812 597.984556 233.86891 0 0 1 1.8625 0.545063 1.161632 -0.423721 1.342559 18.207475 Inside Regular s
50 Pedestrian: 576.251239 161.061955 606.584572 232.832078 1 0 2 1.842517 0.564026 1.229738 -0.101993 1.347817 18.674204 Inside Regular s
50 Van: 847.713805 161.560101 1011.368953 230.386681 0 0 3 1.882812 1.815625 4.570312 9.722865 1.346899 21.21953 Outside Regular s
50 Car: 0.0 174.722298 88.316711 225.200537 3 0 15 1.355712 1.569157 4.06335 -16.844727 1.208728 21.310406 Inside Regular m
50 Car: 46.365069 176.265231 117.925059 196.561919 2 0 16 1.5 1.697545 4.453753 -40.549054 1.20132 54.904407 Inside Regular s
52 Pedestrian: 478.660113 157.230072 511.660114 234.806405 0 0 1 1.8625 0.545063 1.161632 -2.487695 1.308989 17.42307 Inside Regular s
52 Pedestrian: 499.081966 157.901127 524.4153 232.288471 1 0 2 1.842517 0.564026 1.229738 -2.322676 1.288136 17.983556 Inside Regular s
52 Van: 776.253918 159.415204 932.674823 228.302919 0 0 3 1.882812 1.815625 4.570312 7.496353 1.277999 21.211336 Inside Regular s
54 Pedestrian: 380.230363 154.461632 416.230363 236.738777 0 0 1 1.8625 0.545063 1.161632 -4.630199 1.278881 16.417862 Inside Regular s
54 Pedestrian: 399.973915 156.013306 435.973916 234.869754 1 0 2 1.842517 0.564026 1.229738 -4.450503 1.276618 16.940836 Inside Regular s
54 Van: 703.818444 157.579923 855.814119 227.926161 1 0 3 1.882812 1.815625 4.570312 5.229849 1.242933 20.982834 Inside Regular s
56 Pedestrian: 267.847376 153.861454 311.847373 243.666792 0 0 1 1.8625 0.545063 1.161632 -6.677173 1.316585 15.028923 Inside Regular s
56 Pedestrian: 290.972689 155.543224 319.639354 240.733494 1 0 2 1.842517 0.564026 1.229738 -6.472996 1.309539 15.676924 Inside Regular s
56 Van: 629.006796 158.248549 780.764636 230.896041 1 0 3 1.882812 1.815625 4.570312 2.96766 1.282002 20.518122 Inside Regular s
56 Car: 1107.805394 170.752529 1160.436526 199.128955 0 0 6 1.851562 1.682812 4.109375 36.38356 1.206765 48.574284 Outside Regular s
58 Pedestrian: 131.176137 152.850894 173.842806 253.477539 0 0 1 1.8625 0.545063 1.161632 -8.457707 1.356696 13.434873 Inside Regular s
58 Pedestrian: 158.146205 156.838362 209.479537 251.06796 1 0 2 1.842517 0.564026 1.229738 -8.390153 1.3869 14.191818 Inside Regular s
58 Van: 548.766398 161.700892 704.997368 237.673293 1 0 3 1.882812 1.815625 4.570312 0.709785 1.395208 19.817199 Inside Regular s
58 Car: 998.490967 176.100483 1046.430009 203.968951 0 0 6 1.851562 1.682812 4.109375 29.500971 1.568572 49.896839 Outside Regular s
60 Pedestrian: 0.0 150.372384 40.518643 266.231372 0 1 1 1.8625 0.545063 1.161632 -10.144789 1.3852 11.63672 Inside Regular s
60 Pedestrian: 11.244322 155.196076 48.910989 264.338265 1 0 2 1.842517 0.564026 1.229738 -10.115437 1.421796 12.280028 Inside Regular s
60 Van: 460.241456 162.919924 626.964187 243.871084 1 0 3 1.882812 1.815625 4.570312 -1.505495 1.454779 18.814063 Inside Regular s
60 Car: 1163.857747 192.670934 1223.0 290.047156 1 1 4 1.398438 1.495312 3.71875 10.74631 1.659662 12.212304 Inside Regular m
60 Car: 896.762954 178.479227 941.475768 205.814348 0 0 6 1.851562 1.682812 4.109375 22.740164 1.734851 51.079335 Outside Regular s
62 Van: 356.71252 161.4934 542.549125 249.716463 0 0 3 1.882812 1.815625 4.570312 -3.678179 1.460716 17.508714 Inside Regular s
62 Car: 1072.721175 191.080584 1221.906573 291.42026 1 0 4 1.398438 1.495312 3.71875 9.317364 1.632208 12.465817 Inside Regular s
62 Car: 1070.477151 183.250647 1189.361519 257.920532 2 2 5 1.523438 1.635937 4.40625 12.648187 1.629148 17.33738 Inside Regular s
62 Car: 804.413537 175.298842 848.143118 202.810006 0 0 6 1.851562 1.682812 4.109375 15.814505 1.504321 50.364945 Outside Regular s
64 Van: 235.666096 158.7998 450.576882 257.381741 0 0 3 1.882812 1.815625 4.570312 -5.67966 1.455277 15.954526 Inside Regular s
64 Car: 994.546614 192.085524 1145.314055 293.566103 1 0 4 1.398438 1.495312 3.71875 7.89672 1.651972 12.385918 Inside Regular s
64 Car: 985.060856 185.603839 1098.074634 260.646008 2 2 5 1.523438 1.635937 4.40625 10.514743 1.692349 17.377372 Inside Regular s
64 Car: 714.623574 175.121035 758.6659 203.297339 0 0 6 1.851562 1.682812 4.109375 9.202661 1.498654 49.119559 Outside Regular s
64 Car: 956.208396 180.827141 1002.915122 222.404617 1 0 8 1.539062 1.573243 3.523438 15.205561 1.58005 28.754308 Inside Regular s
66 Van: 89.33982 154.26579 352.057772 268.295017 0 0 3 1.882812 1.815625 4.570312 -7.359648 1.440031 14.126489 Inside Regular s
66 Car: 930.628926 191.036476 1087.375629 295.188163 1 0 4 1.398438 1.495312 3.71875 6.636752 1.627354 12.062792 Inside Regular s
66 Car: 909.607757 181.662584 1018.888709 254.725611 2 0 5 1.523438 1.635937 4.40625 8.694102 1.58486 17.52124 Inside Regular s
66 Car: 628.082068 173.585586 674.270297 202.844579 0 0 6 1.851562 1.682812 4.109375 3.137154 1.406394 47.085142 Outside Regular s
66 Car: 876.922433 179.880588 920.962521 220.558444 1 0 8 1.539062 1.573243 3.523438 12.166387 1.538839 29.236042 Inside Regular s
68 Van: 0.0 148.040898 251.728352 283.987274 0 0 3 1.882812 1.815625 4.570312 -8.595959 1.426199 12.228269 Inside Regular s
68 Car: 878.214217 187.77022 1046.057011 296.427426 1 0 4 1.398438 1.495312 3.71875 5.537458 1.558354 11.496438 Inside Regular s
68 Car: 850.527035 178.023425 960.064745 250.623185 2 0 5 1.523438 1.635937 4.40625 7.158683 1.483805 17.343729 Inside Regular s
68 Car: 554.793644 169.566744 604.087339 200.543286 0 0 6 1.851562 1.682812 4.109375 -1.541825 1.188506 44.506027 Outside Regular s
68 Car: 814.284537 175.570983 857.461057 215.939547 1 0 8 1.539062 1.573243 3.523438 9.508736 1.352717 29.040799 Inside Regular m
70 Van: 0.0 146.674594 137.536096 278.897218 0 1 3 1.882812 1.815625 4.570312 -9.538879 1.412212 10.284876 Inside Regular m
70 Car: 841.212306 186.41108 1026.705532 303.60513 1 0 4 1.398438 1.495312 3.71875 4.694079 1.526006 10.715368 Inside Regular s
70 Car: 812.796699 176.229633 928.580138 251.734805 2 0 5 1.523438 1.635937 4.40625 6.023598 1.437611 16.606671 Inside Regular s
70 Car: 491.911062 165.417579 545.965111 198.75589 0 0 6 1.851562 1.682812 4.109375 -4.992218 1.0039 41.609796 Outside Regular s
70 Car: 771.34964 172.976946 814.792985 213.9415 0 0 8 1.539062 1.573243 3.523438 7.596927 1.251087 28.470117 Inside Regular m
70 Car: 768.507242 173.009203 810.329716 206.826394 2 2 9 1.5 1.629932 3.570312 8.655841 1.163466 33.428592 Outside Regular s
70 Car: 762.969116 175.101286 794.224451 203.137637 2 2 10 1.473047 1.586718 3.640625 9.609666 1.185381 39.313324 Outside Regular s
72 Car: 820.548581 187.216225 1034.603605 319.148196 0 0 4 1.398438 1.495312 3.71875 4.106615 1.530309 9.719584 Inside Regular s
72 Car: 787.556726 176.088073 915.064015 256.887719 1 0 5 1.523438 1.635937 4.40625 5.212591 1.438439 15.635822 Inside Regular s
72 Car: 439.86145 169.365432 500.220185 205.491191 0 0 6 1.851562 1.682812 4.109375 -7.275879 1.273502 38.531216 Outside Regular m
72 Car: 742.40531 172.198866 786.911944 214.50707 0 0 8 1.539062 1.573243 3.523438 6.209412 1.233232 27.631293 Inside Regular s
72 Car: 740.120049 175.31842 782.77125 210.195136 2 2 9 1.5 1.629932 3.570312 7.1222 1.274228 32.482618 Inside Regular s
72 Car: 731.957118 176.110753 763.535379 204.915651 2 2 10 1.473047 1.586718 3.640625 7.717809 1.248523 38.421607 Outside Regular s
74 Car: 815.582793 188.371579 1071.123573 341.198705 0 0 4 1.398438 1.495312 3.71875 3.761065 1.537016 8.657028 Inside Regular s
74 Car: 772.018158 177.683167 916.857122 266.44079 1 0 5 1.523438 1.635937 4.40625 4.65901 1.481618 14.52633 Inside Regular s
74 Car: 392.445591 171.914405 460.131423 211.421792 0 0 6 1.851562 1.682812 4.109375 -8.863036 1.443476 35.408113 Outside Regular m
74 Car: 722.238179 176.082605 768.493609 220.410618 0 0 8 1.539062 1.573243 3.523438 5.231787 1.387364 26.527688 Inside Regular s
74 Car: 717.925855 178.72849 762.32994 215.149833 2 2 9 1.5 1.629932 3.570312 5.948485 1.439972 31.481237 Inside Regular m
74 Car: 710.801611 178.738537 743.499001 208.590985 2 2 10 1.473047 1.586718 3.640625 6.419687 1.39923 37.427946 Outside Regular s
74 Car: 700.04551 178.097938 722.275231 198.013264 2 0 13 1.443888 1.57743 3.28085 8.082815 1.277511 53.886998 Outside Regular s
76 Car: 822.659325 190.004106 1153.495602 369.0 0 0 4 1.398438 1.495312 3.71875 3.530826 1.544059 7.400537 Inside Regular s
76 Car: 767.431647 178.685858 932.429293 277.695058 1 0 5 1.523438 1.635937 4.40625 4.316425 1.507828 13.302105 Inside Regular s
76 Car: 345.081696 170.996998 421.704067 214.582406 0 0 6 1.851562 1.682812 4.109375 -10.031233 1.442881 32.313904 Outside Regular m
76 Car: 711.606744 175.858751 760.156876 222.460011 0 0 8 1.539062 1.573243 3.523438 4.637774 1.386106 25.303371 Inside Regular s
76 Car: 704.1519 179.466241 751.023957 217.474112 2 2 9 1.5 1.629932 3.570312 5.183133 1.475789 30.311325 Inside Regular s
76 Car: 696.005458 180.225015 730.279083 211.229959 2 0 10 1.473047 1.586718 3.640625 5.497443 1.481445 36.267824 Inside Regular s
76 Car: 682.034053 178.932969 704.651429 199.337841 2 0 13 1.443888 1.57743 3.28085 6.581149 1.345074 52.750753 Outside Regular s
78 Car: 843.990456 192.184869 1223.0 369.0 0 0 4 1.398438 1.495312 3.71875 3.390754 1.550683 6.083046 Inside Regular s
78 Car: 769.069764 179.091498 959.557662 291.292122 1 0 5 1.523438 1.635937 4.40625 4.075029 1.519002 12.016271 Inside Regular s
78 Car: 292.397136 170.212938 381.488855 218.814785 0 0 6 1.851562 1.682812 4.109375 -10.959731 1.455306 29.20176 Inside Regular m
78 Car: 516.581964 178.021211 547.038308 196.286325 0 0 7 1.492914 1.580329 3.84375 -6.236802 1.298036 60.88679 Outside Regular s
78 Car: 699.814862 177.28614 751.016981 226.742693 0 0 8 1.539062 1.573243 3.523438 4.054324 1.446028 24.031562 Inside Regular s
78 Car: 693.17739 180.386497 742.551215 220.341465 2 2 9 1.5 1.629932 3.570312 4.552873 1.517358 29.002631 Inside Regular s
78 Car: 684.197249 180.389464 719.956925 212.628373 2 0 10 1.473047 1.586718 3.640625 4.747857 1.490164 34.967065 Inside Regular s
78 Car: 669.554204 180.10448 692.98365 201.065229 2 0 13 1.443888 1.57743 3.28085 5.549935 1.435338 51.562849 Outside Regular s
80 Car: 877.578171 195.286639 1223.0 369.0 0 1 4 1.398438 1.495312 3.71875 3.274092 1.557072 4.72745 Inside Regular s
80 Car: 771.044919 179.57734 994.785102 309.01407 1 0 5 1.523438 1.635937 4.40625 3.833634 1.530177 10.730436 Inside Regular s
80 Car: 237.85652 169.548143 343.266248 224.266403 0 0 6 1.851562 1.682812 4.109375 -11.50581 1.477169 26.165615 Inside Regular m
80 Car: 497.514852 176.986226 530.210233 196.239077 0 0 7 1.492914 1.580329 3.84375 -7.367194 1.222119 57.657647 Outside Regular s
80 Car: 697.639929 175.030806 752.201853 227.4495 0 0 8 1.539062 1.573243 3.523438 3.780651 1.376432 22.656297 Inside Regular s
80 Car: 686.008863 177.842807 738.693039 219.496191 2 0 9 1.5 1.629932 3.570312 4.120861 1.411356 27.682836 Inside Regular s
80 Car: 678.241165 179.193602 716.339199 212.653262 2 0 10 1.473047 1.586718 3.640625 4.33251 1.430201 33.633394 Inside Regular s
80 Car: 663.421429 178.762102 687.680075 200.248633 2 0 13 1.443888 1.57743 3.28085 4.988242 1.337755 50.140019 Outside Regular s
82 Car: 934.011541 200.086755 1223.0 369.0 0 2 4 1.398438 1.495312 3.71875 3.180841 1.563226 3.333747 Inside Regular s
82 Car: 785.567069 179.092641 1069.535983 336.089509 0 0 5 1.523438 1.635937 4.40625 3.729895 1.524099 9.224258 Inside Regular s
82 Car: 174.292171 168.624094 300.97986 230.943296 0 0 6 1.851562 1.682812 4.109375 -11.909171 1.495449 23.223404 Inside Regular m
82 Car: 480.821914 177.473278 515.914874 197.960991 0 0 7 1.492914 1.580329 3.84375 -8.135251 1.276865 54.366373 Outside Regular s
82 Car: 697.042703 173.77384 755.605268 230.053801 0 0 8 1.539062 1.573243 3.523438 3.55529 1.353295 21.22961 Inside Regular s
82 Car: 684.248004 177.552073 740.879899 221.673829 2 0 9 1.5 1.629932 3.570312 3.898597 1.405179 26.210746 Inside Regular s
82 Car: 675.165346 178.174366 715.493311 213.162922 2 0 10 1.473047 1.586718 3.640625 4.043578 1.383943 32.138947 Inside Regular s
82 Car: 656.942023 177.344402 682.055613 199.382216 2 0 13 1.443888 1.57743 3.28085 4.426549 1.240172 48.717189 Outside Regular s
84 Car: 1092.284833 214.035515 1223.0 369.0 0 2 4 1.398438 1.495312 3.71875 3.218066 1.577431 1.716608 Inside Regular s
84 Car: 807.312876 178.405912 1189.626547 369.0 0 0 5 1.523438 1.635937 4.40625 3.665208 1.517237 7.71865 Inside Regular s
84 Car: 92.98352 169.216821 250.146174 241.781583 0 0 6 1.851562 1.682812 4.109375 -12.203729 1.561187 20.22855 Inside Regular s
84 Car: 462.397514 176.0339 500.732917 197.807432 0 0 7 1.492914 1.580329 3.84375 -8.843782 1.183595 51.023302 Outside Regular m
84 Car: 697.819606 174.130795 761.786769 235.029398 0 0 8 1.539062 1.573243 3.523438 3.378243 1.376616 19.751503 Inside Regular s
84 Car: 683.020772 176.121261 744.016 223.044711 2 0 9 1.5 1.629932 3.570312 3.691546 1.360183 24.678824 Inside Regular s
84 Car: 671.807027 177.061666 714.558132 213.725421 2 0 10 1.473047 1.586718 3.640625 3.754645 1.337684 30.6445 Inside Regular s
84 Car: 663.107355 175.96702 702.858445 207.604702 2 0 11 1.492188 1.742578 4.085938 3.890013 1.275912 35.83816 Inside Regular s
84 Car: 652.726505 175.960694 678.747055 198.65302 2 0 13 1.443888 1.57743 3.28085 4.035548 1.153022 47.217108 Outside Regular s
86 Car: 843.67308 177.967596 1223.0 369.0 0 1 5 1.523438 1.635937 4.40625 3.644203 1.516669 6.131274 Inside Regular s
86 Car: 0.0 169.902322 191.257491 256.272996 0 0 6 1.851562 1.682812 4.109375 -12.333968 1.622715 17.31236 Inside Regular m
86 Car: 446.185373 176.493412 488.088473 199.912241 0 0 7 1.492914 1.580329 3.84375 -9.223434 1.237041 47.63175 Outside Regular s
86 Car: 703.641144 172.793096 775.671882 239.647344 0 0 8 1.539062 1.573243 3.523438 3.335072 1.360334 18.145178 Inside Regular s
86 Car: 685.514122 175.521639 751.96309 225.962027 2 0 9 1.5 1.629932 3.570312 3.608502 1.352113 23.084895 Inside Regular s
86 Car: 671.38404 176.767751 717.114519 215.492268 2 0 10 1.473047 1.586718 3.640625 3.597739 1.332334 29.081224 Inside Regular s
86 Car: 663.316189 176.525204 705.356543 209.738249 2 0 11 1.492188 1.742578 4.085938 3.775991 1.312656 34.258169 Inside Regular s
86 Car: 651.501686 175.559586 678.546674 199.06748 2 0 13 1.443888 1.57743 3.28085 3.850743 1.138303 45.638626 Outside Regular s
88 Car: 902.283604 178.020484 1223.0 369.0 0 1 5 1.523438 1.635937 4.40625 3.627829 1.523182 4.461561 Inside Regular s
88 Car: 0.0 172.654885 112.084874 269.278416 0 1 6 1.851562 1.682812 4.109375 -12.421852 1.708429 14.358552 Inside Regular m
88 Car: 429.10364 178.183143 475.277761 203.619862 0 0 7 1.492914 1.580329 3.84375 -9.494411 1.36625 44.231769 Outside Regular s
88 Car: 711.409268 172.295271 793.725392 246.460787 0 0 8 1.539062 1.573243 3.523438 3.312227 1.367755 16.522038 Inside Regular s
88 Car: 689.867436 176.531661 762.925607 231.126276 2 0 9 1.5 1.629932 3.570312 3.569934 1.391691 21.464408 Inside Regular s
88 Car: 674.3636 177.42138 723.82276 218.698128 2 0 10 1.473047 1.586718 3.640625 3.57286 1.367893 27.449118 Inside Regular m
88 Car: 665.140599 178.311403 709.929661 213.470935 2 0 11 1.492188 1.742578 4.085938 3.740138 1.409077 32.674755 Inside Regular s
88 Car: 650.360748 175.370969 678.513153 199.754986 2 0 13 1.443888 1.57743 3.28085 3.676802 1.138114 44.059702 Outside Regular s
90 Car: 1000.234105 178.177823 1223.0 369.0 0 1 5 1.523438 1.635937 4.40625 3.611454 1.529695 2.791848 Inside Regular s
90 Car: 409.810695 179.853187 461.200257 207.650207 0 0 7 1.492914 1.580329 3.84375 -9.723613 1.478058 40.84311 Outside Regular m
90 Car: 721.713965 172.948844 817.573961 256.374896 0 0 8 1.539062 1.573243 3.523438 3.309708 1.398881 14.882085 Inside Regular s
90 Car: 695.160571 175.521652 776.14401 235.104662 2 0 9 1.5 1.629932 3.570312 3.534427 1.375247 19.817167 Inside Regular s
90 Car: 677.990921 177.301609 731.554891 221.48614 2 0 10 1.473047 1.586718 3.640625 3.545994 1.370639 25.749823 Inside Regular s
90 Car: 666.404306 177.176178 714.192834 214.233617 2 0 11 1.492188 1.742578 4.085938 3.656983 1.361332 30.981159 Inside Regular s
90 Car: 653.06369 176.519331 682.684773 201.902326 2 0 13 1.443888 1.57743 3.28085 3.739372 1.216752 42.39799 Outside Regular s
92 Car: 1211.201936 182.649773 1223.0 369.0 0 2 5 1.523438 1.635937 4.40625 3.630321 1.536064 1.083146 Inside Regular s
92 Car: 386.939956 180.982398 444.744746 211.525987 0 0 7 1.492914 1.580329 3.84375 -9.951719 1.543845 37.464361 Outside Regular m
92 Car: 736.210155 173.491515 850.122384 269.935522 0 0 8 1.539062 1.573243 3.523438 3.311299 1.426154 13.125666 Inside Regular s
92 Car: 701.981278 174.698529 793.542198 240.712431 2 0 9 1.5 1.629932 3.570312 3.503744 1.368743 18.061238 Inside Regular s
92 Car: 682.420964 176.249664 740.619966 223.784482 2 0 10 1.473047 1.586718 3.640625 3.517144 1.340575 23.983338 Inside Regular s
92 Car: 667.804715 175.845681 718.985972 215.09107 2 0 11 1.492188 1.742578 4.085938 3.573828 1.313586 29.287563 Inside Regular s
92 Car: 654.59582 176.87724 685.70807 203.365349 2 0 13 1.443888 1.57743 3.28085 3.719213 1.247506 40.739068 Outside Regular s
94 Car: 359.699907 180.755991 425.35475 214.355777 0 0 7 1.492914 1.580329 3.84375 -10.199182 1.530084 34.196193 Outside Regular m
94 Car: 754.108853 174.224332 895.792475 288.926451 0 0 8 1.539062 1.573243 3.523438 3.304474 1.45372 11.331265 Inside Regular s
94 Car: 710.902155 174.112061 817.037266 248.672928 1 0 9 1.5 1.629932 3.570312 3.477886 1.37218 16.196619 Inside Regular s
94 Car: 687.678274 175.599212 752.126607 227.296006 2 0 10 1.473047 1.586718 3.640625 3.500784 1.332654 22.197498 Inside Regular s
94 Car: 670.440898 175.170579 725.743552 217.093077 2 0 11 1.492188 1.742578 4.085938 3.531109 1.300781 27.547985 Inside Regular s
94 Car: 655.834951 177.138768 688.665122 204.923951 2 0 13 1.443888 1.57743 3.28085 3.664879 1.271693 38.94225 Outside Regular s
96 Car: 327.68732 180.466175 403.1587 217.816514 0 0 7 1.492914 1.580329 3.84375 -10.390273 1.515435 30.916416 Outside Regular m
96 Car: 777.212753 175.291403 964.458623 317.434421 0 0 8 1.539062 1.573243 3.523438 3.289232 1.481578 9.49888 Inside Regular s
96 Car: 722.256355 174.118068 847.796411 259.740589 1 0 9 1.5 1.629932 3.570312 3.459558 1.389169 14.335229 Inside Regular s
96 Car: 693.979026 175.658252 766.808541 232.383425 1 0 10 1.473047 1.586718 3.640625 3.496917 1.346876 20.392303 Inside Regular s
96 Car: 674.557753 175.427849 734.9374 220.502884 2 0 11 1.492188 1.742578 4.085938 3.528825 1.322915 25.762427 Inside Regular s
96 Car: 657.338057 177.056237 692.221141 206.3533 2 0 13 1.443888 1.57743 3.28085 3.60825 1.27637 37.006322 Outside Regular s
98 Car: 287.679929 181.03012 375.994224 223.212834 0 0 7 1.492914 1.580329 3.84375 -10.577471 1.538976 27.632257 Inside Regular m
98 Car: 809.716514 176.521401 1079.028746 365.258413 0 0 8 1.539062 1.573243 3.523438 3.268604 1.510052 7.62518 Inside Regular s
98 Car: 736.98805 175.025822 889.587016 275.526719 1 0 9 1.5 1.629932 3.570312 3.44876 1.41971 12.477067 Inside Regular s
98 Car: 701.438664 175.563926 784.053764 238.61571 1 0 10 1.473047 1.586718 3.640625 3.474067 1.357456 18.524456 Inside Regular s
98 Car: 679.008256 175.654081 745.302967 224.511201 2 0 11 1.492188 1.742578 4.085938 3.508923 1.343116 23.922901 Inside Regular s
98 Car: 659.158149 177.270325 696.363144 208.283059 2 0 13 1.443888 1.57743 3.28085 3.559839 1.29689 35.070258 Outside Regular s
100 Car: 236.024506 180.827276 342.263992 229.073872 0 0 7 1.492914 1.580329 3.84375 -10.770902 1.528997 24.372767 Inside Regular m
100 Car: 861.61623 178.266256 1223.0 369.0 0 0 8 1.539062 1.573243 3.523438 3.261542 1.539026 5.689905 Inside Regular s
100 Car: 756.137204 176.31539 948.939183 297.953775 1 0 9 1.5 1.629932 3.570312 3.437962 1.45025 10.618906 Inside Regular s
100 Car: 710.479629 175.256603 805.072797 246.497303 1 0 10 1.473047 1.586718 3.640625 3.432234 1.364394 16.593957 Inside Regular s
100 Car: 683.89796 175.842568 757.250399 229.314384 2 0 11 1.492188 1.742578 4.085938 3.471403 1.361385 22.029408 Inside Regular s
100 Car: 660.670256 175.735499 700.449391 208.576797 2 0 13 1.443888 1.57743 3.28085 3.486315 1.233907 33.134453 Outside Regular s
102 Car: 167.048986 179.531756 299.266256 235.608897 0 0 7 1.492914 1.580329 3.84375 -10.970567 1.485498 21.137946 Inside Regular m
102 Car: 954.995697 181.33517 1223.0 369.0 0 1 8 1.539062 1.573243 3.523438 3.268044 1.5685 3.693053 Inside Regular s
102 Car: 784.053041 176.604152 1047.624854 333.494291 1 0 9 1.5 1.629932 3.570312 3.424374 1.464843 8.633646 Inside Regular s
102 Car: 722.208024 176.403941 834.576844 258.667523 1 0 10 1.473047 1.586718 3.640625 3.403734 1.400429 14.610623 Inside Regular s
102 Car: 690.649091 176.948281 773.558008 236.491402 1 0 11 1.492188 1.742578 4.085938 3.453119 1.405797 20.022061 Inside Regular s
102 Car: 679.586389 174.683767 736.577845 218.067699 2 0 12 1.483311 1.712267 4.046875 3.765466 1.282422 26.508943 Inside Regular m
102 Car: 662.360725 173.914226 705.07069 208.908999 2 0 13 1.443888 1.57743 3.28085 3.412791 1.170925 31.198648 Inside Regular m
102 Car: 564.589079 170.511488 586.581838 186.605182 0 0 14 1.403808 1.535471 4.5 -2.627543 0.518193 64.766496 Outside Regular m
104 Car: 73.299718 181.959725 244.240238 249.691054 0 0 7 1.492914 1.580329 3.84375 -11.131565 1.55775 17.94124 Inside Regular m
104 Car: 1155.871301 187.775545 1223.0 369.0 0 2 8 1.539062 1.573243 3.523438 3.23652 1.582172 1.634209 Inside Regular s
104 Car: 825.124663 176.978479 1223.0 369.0 1 0 9 1.5 1.629932 3.570312 3.410786 1.479436 6.648386 Inside Regular s
104 Car: 737.867217 179.034638 877.687805 277.68047 1 0 10 1.473047 1.586718 3.640625 3.388565 1.46556 12.574453 Inside Regular s
104 Car: 698.748766 178.158977 793.97429 245.466493 1 0 11 1.492188 1.742578 4.085938 3.434835 1.450209 18.014713 Inside Regular s
104 Car: 684.156263 176.709081 747.332235 224.028608 2 0 12 1.483311 1.712267 4.046875 3.726223 1.365411 24.497984 Inside Regular s
104 Car: 664.58443 175.51342 710.713493 212.963741 2 0 13 1.443888 1.57743 3.28085 3.35306 1.251469 29.258297 Inside Regular s
104 Car: 555.475674 173.320851 579.250663 190.984313 0 0 14 1.403808 1.535471 4.5 -3.088601 0.82344 59.199667 Outside Regular m
