4 Car: 0.0 172.092643 121.089503 240.888911 1 0 11 1.776991 1.599511 4.289922 -16.479314 1.787608 20.814412 Inside Regular s
4 Car: 110.086948 182.541814 218.346491 227.845806 1 0 12 1.502682 1.470564 3.617682 -16.058691 1.868527 26.134036 Inside Regular s
4 Misc: 245.100586 166.797839 312.397782 215.22897 0 0 13 2.068081 1.610819 2.712469 -14.839727 1.830274 32.37655 Outside Regular s
6 Car: 0.0 173.072689 51.70883 241.685239 1 1 11 1.776991 1.599511 4.289922 -16.664538 1.786574 18.21568 Inside Regular s
6 Car: 45.814938 181.810351 173.669336 232.370336 0 0 12 1.502682 1.470564 3.617682 -16.218074 1.808091 23.549105 Inside Regular s
6 Misc: 206.494415 165.357309 282.227417 218.167908 1 0 13 2.068081 1.610819 2.712469 -15.073854 1.795144 29.804598 Inside Regular s
8 Car: 0.0 180.91278 118.837779 237.938942 0 0 12 1.502682 1.470564 3.617682 -16.377458 1.747656 20.964174 Inside Regular s
8 Misc: 160.637203 164.717402 247.014725 222.77765 1 0 13 2.068081 1.610819 2.712469 -15.291987 1.798961 27.231054 Inside Regular s
10 Car: 0.0 179.779445 49.946269 238.033408 0 2 12 1.502682 1.470564 3.617682 -16.536841 1.68722 18.379243 Inside Regular s
10 Misc: 104.659369 163.93638 204.837919 228.405851 0 0 13 2.068081 1.610819 2.712469 -15.510121 1.802778 24.65751 Inside Regular s
12 Misc: 39.115229 164.84492 157.491915 237.13806 0 0 13 2.068081 1.610819 2.712469 -15.631106 1.860181 22.127137 Inside Regular s
14 Misc: 0.0 166.006161 98.666198 248.082117 0 0 13 2.068081 1.610819 2.712469 -15.752091 1.917583 19.596763 Inside Regular s
26 Car: 710.730958 178.338623 728.230669 191.976347 0 0 1 1.432109 1.594948 4.21347 11.942078 2.039497 78.572633 Outside Regular s
28 Car: 712.49594 175.363112 730.366271 189.453316 0 0 1 1.432109 1.594948 4.21347 11.784169 1.71632 76.180896 Outside Regular m
30 Car: 714.406959 170.593267 732.655724 185.173956 0 0 1 1.432109 1.594948 4.21347 11.628592 1.234865 73.788597 Outside Regular s
32 Car: 716.518017 171.159424 735.160645 186.240784 0 0 1 1.432109 1.594948 4.21347 11.478756 1.296706 71.39062 Outside Regular s
34 Car: 595.447714 174.24071 618.56223 187.814945 0 0 0 1.449719 1.587566 4.279449 -0.30509 1.625922 79.981955 Outside Regular s
34 Car: 717.945749 172.478419 736.977965 188.082494 0 0 1 1.432109 1.594948 4.21347 11.255418 1.424468 69.037782 Outside Regular s
36 Car: 588.559259 173.185285 612.888698 187.433244 0 0 0 1.449719 1.587566 4.279449 -0.954863 1.510656 76.319515 Outside Regular s
36 Car: 718.574397 171.444151 737.996055 187.608466 0 0 1 1.432109 1.594948 4.21347 10.955568 1.333268 66.733061 Outside Regular s
38 Car: 579.012381 173.559517 604.915449 188.606469 0 0 0 1.449719 1.587566 4.279449 -1.782903 1.545328 72.363642 Outside Regular m
38 Car: 719.285196 173.264214 739.118683 190.017083 0 0 1 1.432109 1.594948 4.21347 10.658389 1.494822 64.425699 Outside Regular s
40 Car: 568.439507 172.545953 596.152165 188.49428 0 0 0 1.449719 1.587566 4.279449 -2.600619 1.448637 68.406624 Outside Regular m
40 Car: 718.440927 173.119368 738.721041 190.514194 0 0 1 1.432109 1.594948 4.21347 10.224182 1.481616 62.125365 Outside Regular s
42 Car: 556.513309 172.974388 586.333142 189.931009 0 0 0 1.449719 1.587566 4.279449 -3.419444 1.487382 64.448764 Outside Regular m
42 Car: 717.529854 172.962985 738.293443 191.050917 0 0 1 1.432109 1.594948 4.21347 9.789976 1.468409 59.825031 Outside Regular s
44 Car: 542.984735 174.376069 575.269776 192.477936 0 0 0 1.449719 1.587566 4.279449 -4.236633 1.599976 60.473793 Outside Regular m
44 Car: 717.088425 173.104121 738.379689 191.976371 0 0 1 1.432109 1.594948 4.21347 9.381859 1.47898 57.421217 Outside Regular s
46 Car: 528.640918 177.830206 563.785257 197.246891 0 0 0 1.449719 1.587566 4.279449 -4.963016 1.851249 56.462623 Outside Regular m
46 Car: 716.973371 175.858658 739.159375 195.506692 0 0 1 1.432109 1.594948 4.21347 9.027294 1.680702 55.199454 Outside Regular s
48 Car: 511.648972 177.462502 550.263677 198.422924 0 0 0 1.449719 1.587566 4.279449 -5.716164 1.798197 52.459506 Outside Regular m
48 Car: 716.212862 176.402583 739.375406 196.913097 0 0 1 1.432109 1.594948 4.21347 8.625073 1.709794 52.95968 Outside Regular s
50 Car: 491.209638 177.293694 534.03783 200.094643 0 0 0 1.449719 1.587566 4.279449 -6.49714 1.761638 48.394171 Outside Regular m
50 Car: 714.905961 176.256627 739.121388 197.704275 0 0 1 1.432109 1.594948 4.21347 8.191604 1.68922 50.739623 Outside Regular s
52 Car: 466.837445 176.771814 514.965934 201.769305 0 0 0 1.449719 1.587566 4.279449 -7.278313 1.706378 44.329032 Outside Regular m
52 Car: 712.976086 175.322033 738.329912 197.790915 0 0 1 1.432109 1.594948 4.21347 7.726886 1.61898 48.539282 Outside Regular s
52 Car: 888.045334 166.86196 930.669481 182.616229 1 0 5 1.592328 1.640353 4.075885 31.503413 1.005847 76.039737 Outside Regular s
54 Car: 438.467322 177.546388 493.290431 205.190105 0 0 0 1.449719 1.587566 4.279449 -7.999548 1.725429 40.276788 Outside Regular m
54 Car: 710.000327 175.568674 736.720753 199.151369 0 0 1 1.432109 1.594948 4.21347 7.218056 1.626746 46.344778 Outside Regular s
54 Pedestrian: 592.791245 173.223355 599.124579 193.015078 0 0 3 1.719622 0.73588 0.555883 -1.302912 1.758579 63.237638 Outside Regular s
54 Car: 887.163078 166.595064 931.039342 182.758044 1 0 5 1.592328 1.640353 4.075885 30.685851 0.994599 74.13728 Outside Regular s
56 Car: 404.695097 178.180905 468.192953 209.087889 0 0 0 1.449719 1.587566 4.279449 -8.66179 1.729288 36.238377 Outside Regular m
56 Car: 707.164837 173.961395 735.639617 198.790939 0 0 1 1.432109 1.594948 4.21347 6.747315 1.525136 44.136214 Outside Regular s
56 Pedestrian: 587.10512 172.99749 593.60512 193.59651 0 0 3 1.719622 0.73588 0.555883 -1.691862 1.73856 60.792704 Outside Regular s
56 Car: 886.237359 166.314011 931.426187 182.907403 1 0 5 1.592328 1.640353 4.075885 29.86829 0.983351 72.234824 Outside Regular s
58 Car: 362.184861 180.429291 437.461604 215.626284 0 0 0 1.449719 1.587566 4.279449 -9.310123 1.799769 32.197231 Outside Regular m
58 Car: 703.864816 175.815561 734.2364 202.014396 0 0 1 1.432109 1.594948 4.21347 6.26544 1.624079 41.927255 Outside Regular s
58 Car: 828.12286 171.071245 871.244515 185.881181 0 0 2 1.41455 1.589373 4.009846 23.816194 1.272675 71.783254 Outside Regular s
58 Pedestrian: 582.483318 172.753521 588.149985 194.224826 0 0 3 1.719622 0.73588 0.555883 -2.080812 1.718541 58.347769 Outside Regular s
58 Car: 885.197711 167.01023 931.768112 184.039376 1 0 5 1.592328 1.640353 4.075885 29.043976 1.066912 70.331355 Inside Regular s
60 Car: 311.986061 180.026295 401.571945 220.497882 0 0 0 1.449719 1.587566 4.279449 -9.819898 1.740606 28.229707 Inside Regular m
60 Car: 700.428303 175.879286 732.868616 203.588452 0 0 1 1.432109 1.594948 4.21347 5.800768 1.618667 39.75758 Outside Regular s
60 Car: 820.666755 169.788433 864.791071 185.007235 0 0 2 1.41455 1.589373 4.009846 22.526139 1.154977 69.963613 Outside Regular s
60 Pedestrian: 575.870965 172.474127 583.537632 194.811724 0 0 3 1.719622 0.73588 0.555883 -2.400167 1.697201 56.096824 Outside Regular s
60 Car: 884.020169 167.707066 932.044867 185.197339 1 0 5 1.592328 1.640353 4.075885 28.211869 1.146882 68.427902 Outside Regular s
62 Car: 245.287351 179.443065 356.429946 227.049332 0 0 0 1.449719 1.587566 4.279449 -10.288092 1.68103 24.283574 Inside Regular m
62 Car: 696.843091 173.824526 731.547294 203.205151 0 0 1 1.432109 1.594948 4.21347 5.353299 1.508901 37.627188 Outside Regular s
62 Car: 812.761626 168.437393 857.982337 184.085138 0 0 2 1.41455 1.589373 4.009846 21.236083 1.037279 68.143972 Outside Regular s
62 Pedestrian: 568.831085 172.171682 576.331084 195.447935 0 0 3 1.719622 0.73588 0.555883 -2.719521 1.675862 53.845879 Outside Regular s
62 Car: 882.736411 165.378583 932.287487 183.41193 1 0 5 1.592328 1.640353 4.075885 27.376838 0.950015 66.527344 Outside Regular s
62 Van: 1039.925727 161.260454 1097.871525 183.014679 1 0 7 1.82574 1.708272 3.922096 40.062774 0.865295 63.083733 Outside Regular s
64 Car: 154.353616 180.821963 299.689814 238.902876 0 0 0 1.449719 1.587566 4.279449 -10.644941 1.686214 20.362563 Inside Regular m
64 Car: 695.118234 173.794954 732.618682 205.051872 0 0 1 1.432109 1.594948 4.21347 5.024016 1.504824 35.495664 Outside Regular s
64 Car: 804.905848 167.345274 851.269502 183.423544 0 0 2 1.41455 1.589373 4.009846 20.016646 0.949223 66.390279 Outside Regular s
64 Pedestrian: 565.502853 171.858232 571.502853 196.125127 0 0 3 1.719622 0.73588 0.555883 -2.957103 1.655544 51.660337 Outside Regular s
64 Car: 884.337973 164.645323 935.538019 183.212791 1 0 5 1.592328 1.640353 4.075885 26.822648 0.904862 64.661483 Outside Regular s
64 Van: 1046.482576 159.814491 1106.519797 182.234157 1 0 7 1.82574 1.708272 3.922096 39.558573 0.773896 61.279562 Outside Regular s
66 Car: 23.135993 183.902548 225.743683 258.359292 0 0 0 1.449719 1.587566 4.279449 -10.875264 1.722996 16.52254 Inside Regular m
66 Car: 694.903582 174.25897 735.642029 207.526447 0 0 1 1.432109 1.594948 4.21347 4.792652 1.522493 33.477155 Outside Regular s
66 Car: 797.31745 169.247587 844.723069 185.717825 0 0 2 1.41455 1.589373 4.009846 18.870348 1.129293 64.70004 Outside Regular s
66 Pedestrian: 560.166439 171.533234 569.166439 196.846217 0 0 3 1.719622 0.73588 0.555883 -3.112912 1.636248 49.540199 Outside Regular s
66 Car: 886.071719 166.520549 939.023805 185.606338 1 0 5 1.592328 1.640353 4.075885 26.270846 1.085632 62.79326 Outside Regular s
66 Van: 1053.432771 158.279496 1115.699156 181.405587 1 0 7 1.82574 1.708272 3.922096 39.054372 0.682497 59.475391 Outside Regular s
68 Car: 0.0 186.865479 118.863034 274.885653 0 1 0 1.449719 1.587566 4.279449 -11.048826 1.7262 12.759775 Inside Regular m
68 Car: 695.380711 173.316409 739.897622 208.874054 0 0 1 1.432109 1.594948 4.21347 4.594932 1.480423 31.460823 Outside Regular s
68 Car: 789.266139 166.748572 837.757133 183.699511 0 0 2 1.41455 1.589373 4.009846 17.719974 0.923674 63.013833 Outside Regular s
68 Pedestrian: 556.305571 171.179073 564.638904 197.632407 0 0 3 1.719622 0.73588 0.555883 -3.268721 1.616952 47.420061 Outside Regular s
68 Car: 886.827199 162.4515 941.486381 182.171084 1 0 5 1.592328 1.640353 4.075885 25.658208 0.76462 61.013204 Outside Regular s
68 Van: 1062.304011 156.098128 1126.985146 179.98562 1 0 7 1.82574 1.708272 3.922096 38.674563 0.548322 57.677633 Outside Regular s
70 Car: 696.938849 172.527317 745.756963 210.556078 0 0 1 1.432109 1.594948 4.21347 4.455431 1.449361 29.556766 Outside Regular s
70 Car: 778.657922 164.949029 828.363821 182.376366 0 0 2 1.41455 1.589373 4.009846 16.407194 0.787032 61.380268 Outside Regular m
70 Pedestrian: 551.45255 170.832447 559.119217 198.371769 0 0 3 1.719622 0.73588 0.555883 -3.454188 1.598878 45.50351 Outside Regular s
70 Car: 886.642209 161.135473 942.964006 181.445575 1 0 5 1.592328 1.640353 4.075885 24.992566 0.683243 59.313564 Outside Regular s
70 Van: 1073.289247 154.433476 1140.611385 179.124023 1 0 7 1.82574 1.708272 3.922096 38.420128 0.464228 55.885317 Outside Regular s
72 Car: 699.609668 174.11517 753.070273 214.810514 0 0 1 1.432109 1.594948 4.21347 4.361635 1.506665 27.755299 Inside Regular s
72 Car: 767.52678 167.427445 818.507233 185.296261 0 0 2 1.41455 1.589373 4.009846 15.098168 1.005674 59.74299 Outside Regular m
72 Pedestrian: 545.14621 170.422627 555.14621 199.145577 0 0 3 1.719622 0.73588 0.555883 -3.639655 1.580805 43.586959 Outside Regular s
72 Cyclist: 772.640606 167.293727 813.629014 199.206082 1 0 4 1.599537 0.877254 1.928505 9.350729 1.336451 36.936689 Outside Regular s
72 Car: 886.498331 163.426294 944.586757 184.293748 1 0 5 1.592328 1.640353 4.075885 24.329963 0.88946 57.610918 Outside Regular m
72 Van: 1085.031624 155.628248 1155.221624 181.123359 1 0 7 1.82574 1.708272 3.922096 38.167991 0.597638 54.090727 Outside Regular s
74 Car: 703.313568 176.478609 762.034468 220.253407 0 0 1 1.432109 1.594948 4.21347 4.288968 1.581589 25.946327 Inside Regular s
74 Car: 755.788564 170.998502 808.098791 189.326971 0 0 2 1.41455 1.589373 4.009846 13.789937 1.29956 58.104925 Outside Regular m
74 Pedestrian: 540.400908 170.005966 551.400908 199.934685 0 0 3 1.719622 0.73588 0.555883 -3.802342 1.562579 41.86219 Outside Regular s
74 Cyclist: 778.310995 167.674457 821.237245 201.154367 1 0 4 1.599537 0.877254 1.928505 9.235891 1.367928 35.210731 Outside Regular s
74 Car: 883.771355 164.84147 943.454086 186.273055 1 0 5 1.592328 1.640353 4.075885 23.507394 1.01737 56.027675 Outside Regular m
74 Van: 1097.95827 154.82398 1171.197513 181.171445 1 0 7 1.82574 1.708272 3.922096 38.002693 0.581481 52.377933 Outside Regular s
76 Car: 706.93988 176.582811 771.776528 223.958152 0 0 1 1.432109 1.594948 4.21347 4.194395 1.575744 24.133963 Inside Regular s
76 Car: 742.299795 168.44301 797.1762 187.375462 0 0 2 1.41455 1.589373 4.009846 12.420843 1.106866 56.3482 Outside Regular m
76 Pedestrian: 536.98946 169.587838 545.98946 200.713015 0 0 3 1.719622 0.73588 0.555883 -3.942249 1.544201 40.329202 Outside Regular s
76 Cyclist: 784.537579 165.696762 829.593916 200.939202 1 0 4 1.599537 0.877254 1.928505 9.119902 1.290498 33.485912 Outside Regular s
76 Car: 880.845004 163.126421 942.204359 185.216536 1 0 5 1.592328 1.640353 4.075885 22.682323 0.908561 54.446906 Outside Regular s
76 Van: 1111.738968 153.964061 1188.279086 181.222812 1 0 7 1.82574 1.708272 3.922096 37.837395 0.565324 50.665138 Outside Regular s
78 Car: 710.472871 173.820552 782.51055 225.45898 0 0 1 1.432109 1.594948 4.21347 4.077917 1.489129 22.318206 Inside Regular s
78 Car: 728.07589 165.870283 785.396844 185.411745 0 0 2 1.41455 1.589373 4.009846 11.051852 0.923916 54.591373 Outside Regular m
78 Pedestrian: 529.716386 169.086674 539.716386 201.476808 0 0 3 1.719622 0.73588 0.555883 -4.082156 1.525823 38.796215 Outside Regular s
78 Cyclist: 791.426225 162.172624 838.835799 199.406323 1 0 4 1.599537 0.877254 1.928505 9.003311 1.155979 31.76169 Outside Regular s
78 Car: 874.575771 161.118657 937.381282 183.853262 1 0 5 1.592328 1.640353 4.075885 21.669108 0.784103 53.002161 Outside Regular s
78 Van: 1124.188767 153.949355 1203.978867 182.09468 1 0 7 1.82574 1.708272 3.922096 37.601822 0.605803 49.075864 Outside Regular s
78 Car: 362.417899 176.806439 412.887909 197.281425 0 0 14 1.485515 1.593908 3.459552 -16.623572 1.801351 53.862828 Outside Regular s
80 Car: 715.383035 176.615042 796.257227 233.267942 0 0 1 1.432109 1.594948 4.21347 3.990316 1.558082 20.526032 Inside Regular s
80 Car: 711.745835 169.953767 771.431825 190.163392 0 0 2 1.41455 1.589373 4.009846 9.58182 1.233637 52.789342 Outside Regular s
80 Pedestrian: 528.01181 170.133729 534.678477 204.192777 0 0 3 1.719622 0.73588 0.555883 -4.195236 1.588714 36.91342 Outside Regular s
80 Cyclist: 799.206103 165.668341 849.234782 205.054167 1 0 4 1.599537 0.877254 1.928505 8.88991 1.323532 30.03431 Inside Regular s
80 Car: 864.808771 164.067782 928.797661 187.321614 1 0 5 1.592328 1.640353 4.075885 20.471629 1.011282 51.6896 Outside Regular m
80 Van: 1135.100589 155.83756 1218.047497 184.814819 1 0 7 1.82574 1.708272 3.922096 37.296632 0.765248 47.609458 Outside Regular s
80 Car: 361.121462 178.748299 415.265643 200.083308 0 0 14 1.485515 1.593908 3.459552 -15.913803 1.928063 51.70316 Outside Regular m
82 Car: 721.160004 177.433053 811.493138 239.261148 0 0 1 1.432109 1.594948 4.21347 3.940228 1.569225 18.983198 Inside Regular s
82 Car: 692.921839 171.263699 754.888927 192.224353 0 0 2 1.41455 1.589373 4.009846 8.003294 1.330526 50.949481 Outside Regular m
82 Pedestrian: 523.324607 171.294468 529.824608 207.203757 0 0 3 1.719622 0.73588 0.555883 -4.308317 1.651604 35.030626 Outside Regular s
82 Cyclist: 807.985147 173.040575 860.943515 214.896928 1 0 4 1.599537 0.877254 1.928505 8.777899 1.622593 28.305556 Inside Regular s
82 Car: 854.541562 166.994495 919.753856 190.796972 1 0 5 1.592328 1.640353 4.075885 19.274022 1.226256 50.377167 Outside Regular m
82 Van: 1146.687414 157.712641 1233.029379 187.576702 1 0 7 1.82574 1.708272 3.922096 36.991353 0.916232 46.143142 Outside Regular s
82 Car: 361.534264 179.704769 418.505285 201.940516 0 0 14 1.485515 1.593908 3.459552 -15.168079 1.977527 49.696265 Outside Regular m
82 Car: 600.572416 175.653422 620.879753 189.545216 0 0 16 1.451411 1.298694 4.043451 0.099468 1.77 77.993461 Outside Regular s
82 Car: 566.196337 175.599437 589.782249 189.799586 0 0 17 1.5 1.440343 3.686161 -3.468359 1.814467 78.654598 Outside Regular s
84 Car: 727.848755 178.415517 829.7942 246.460132 0 0 1 1.432109 1.594948 4.21347 3.89014 1.580367 17.440363 Inside Regular s
84 Car: 672.80892 172.665478 736.962497 194.45359 0 0 2 1.41455 1.589373 4.009846 6.424768 1.427415 49.109619 Outside Regular m
84 Pedestrian: 509.065104 171.075099 521.73177 209.046076 0 0 3 1.719622 0.73588 0.555883 -4.374532 1.645701 33.148234 Outside Regular s
84 Cyclist: 815.818217 172.684215 871.621189 216.792434 1 0 4 1.599537 0.877254 1.928505 8.680052 1.609298 26.895377 Inside Regular s
84 Car: 841.578665 166.880534 907.676676 191.235055 1 0 5 1.592328 1.640353 4.075885 17.984012 1.227798 49.247164 Inside Regular m
84 Car: 986.483177 167.682206 1073.646288 191.147684 1 0 6 1.456878 1.640357 4.625636 27.307495 1.165329 47.080298 Outside Regular s
84 Van: 1153.520652 157.334806 1241.0 188.060121 1 0 7 1.82574 1.708272 3.922096 36.46034 0.919443 44.84222 Outside Regular s
84 Car: 363.665701 179.552566 422.904607 202.658975 0 0 14 1.485515 1.593908 3.459552 -14.386401 1.949745 47.842143 Outside Regular m
84 Car: 598.048985 175.591936 618.743154 189.756535 0 0 16 1.451411 1.298694 4.043451 -0.149529 1.758049 76.530231 Outside Regular s
84 Car: 563.253482 175.531511 587.299111 190.004342 0 0 17 1.5 1.440343 3.686161 -3.694802 1.801938 77.20706 Outside Regular s
86 Car: 735.321319 179.5707 851.173945 254.87282 0 0 1 1.432109 1.594948 4.21347 3.842185 1.591213 15.961746 Inside Regular s
86 Car: 651.601058 172.622135 718.251707 195.404013 0 0 2 1.41455 1.589373 4.009846 4.855682 1.423344 47.019856 Outside Regular m
86 Pedestrian: 503.698039 170.829017 514.698038 211.112842 0 0 3 1.719622 0.73588 0.555883 -4.440747 1.639798 31.265841 Outside Regular s
86 Cyclist: 824.523153 172.287359 883.740961 218.903507 1 0 4 1.599537 0.877254 1.928505 8.582204 1.596004 25.485198 Inside Regular s
86 Car: 828.020575 166.761107 895.019033 191.693958 1 0 5 1.592328 1.640353 4.075885 16.694003 1.22934 48.117162 Inside Regular s
86 Car: 979.423344 166.526547 1068.340848 190.59195 1 0 6 1.456878 1.640357 4.625636 26.264455 1.101785 45.968804 Outside Regular s
86 Van: 1160.75226 157.072402 1241.0 188.57281 1 0 7 1.82574 1.708272 3.922096 35.929328 0.922654 43.541298 Outside Regular m
86 Car: 365.97351 179.388285 427.651628 203.436137 0 0 14 1.485515 1.593908 3.459552 -13.604723 1.921962 45.988022 Outside Regular m
86 Car: 595.424621 175.527987 616.525335 189.976314 0 0 16 1.451411 1.298694 4.043451 -0.398526 1.746098 75.067001 Outside Regular s
86 Car: 560.195635 175.460924 584.723144 190.217106 0 0 17 1.5 1.440343 3.686161 -3.921245 1.78941 75.759523 Outside Regular s
88 Car: 743.700125 180.74953 876.398204 264.80188 0 0 1 1.432109 1.594948 4.21347 3.796364 1.60176 14.547347 Inside Regular s
88 Car: 628.494977 172.577867 697.705225 196.446454 0 0 2 1.41455 1.589373 4.009846 3.286596 1.419273 44.930092 Outside Regular m
88 Pedestrian: 496.883428 170.810344 509.216762 212.883939 0 0 3 1.719622 0.73588 0.555883 -4.518094 1.642721 29.951272 Outside Regular s
88 Cyclist: 834.254039 171.842686 897.321866 221.269135 1 0 4 1.599537 0.877254 1.928505 8.484357 1.58271 24.075019 Inside Regular s
88 Car: 812.968387 166.691808 881.456302 192.239208 1 0 5 1.592328 1.640353 4.075885 15.36636 1.233908 46.979741 Inside Regular m
88 Car: 972.002522 163.961141 1062.742133 188.691572 1 0 6 1.456878 1.640357 4.625636 25.220555 0.95678 44.858162 Outside Regular m
88 Van: 1165.343056 156.746468 1241.0 189.03102 1 0 7 1.82574 1.708272 3.922096 35.304642 0.92352 42.359767 Outside Regular s
88 Car: 372.448113 179.129349 436.630122 204.149152 0 0 14 1.485515 1.593908 3.459552 -12.682644 1.892343 44.539712 Outside Regular m
88 Car: 255.993725 181.491528 310.357433 204.788839 1 0 15 1.5 1.616834 3.673507 -22.007968 2.101363 48.498646 Outside Regular s
88 Car: 592.693139 175.461424 614.221578 190.205072 0 0 16 1.451411 1.298694 4.043451 -0.647523 1.734147 73.603771 Outside Regular s
88 Car: 557.015915 175.387515 582.04905 190.438358 0 0 17 1.5 1.440343 3.686161 -4.147688 1.776881 74.311985 Outside Regular s
90 Car: 753.112443 181.678042 905.685839 276.028697 0 0 1 1.432109 1.594948 4.21347 3.755785 1.607019 13.228852 Inside Regular s
90 Car: 604.673422 172.91815 676.569926 198.001695 0 0 2 1.41455 1.589373 4.009846 1.805573 1.438293 42.836198 Outside Regular m
90 Pedestrian: 487.48874 170.789934 502.48874 214.81973 0 0 3 1.719622 0.73588 0.555883 -4.595441 1.645644 28.636703 Inside Regular s
90 Cyclist: 845.20354 171.341002 912.64513 223.938315 1 0 4 1.599537 0.877254 1.928505 8.386509 1.569415 22.66484 Inside Regular s
90 Car: 796.340698 166.678326 866.864115 192.878929 1 0 5 1.592328 1.640353 4.075885 14.001082 1.241502 45.834901 Outside Regular m
90 Car: 962.315029 163.857472 1054.589574 189.157384 1 0 6 1.456878 1.640357 4.625636 24.111575 0.9629 43.857401 Outside Regular m
90 Van: 1167.033801 156.354258 1241.0 189.425998 1 0 7 1.82574 1.708272 3.922096 34.586283 0.922042 41.297626 Outside Regular s
90 Car: 381.047526 178.822256 444.593829 204.892975 0 0 14 1.485515 1.593908 3.459552 -11.760565 1.862725 43.091403 Outside Regular m
90 Car: 247.066748 181.112881 303.965847 205.517558 1 0 15 1.5 1.616834 3.673507 -21.527807 2.051488 46.348457 Outside Regular s
90 Car: 589.84784 175.392082 611.826797 190.44337 0 0 16 1.451411 1.298694 4.043451 -0.896519 1.722197 72.140542 Outside Regular s
90 Car: 553.706881 175.311112 579.27112 190.668616 0 0 17 1.5 1.440343 3.686161 -4.37413 1.764353 72.864448 Outside Regular s
92 Car: 763.653556 182.441682 939.818902 288.74176 0 0 1 1.432109 1.594948 4.21347 3.720448 1.606988 12.006262 Inside Regular s
92 Car: 580.002573 173.696398 654.765415 200.15619 0 0 2 1.41455 1.589373 4.009846 0.412611 1.480402 40.738174 Outside Regular s
92 Pedestrian: 480.763516 170.767536 495.430184 216.944308 0 0 3 1.719622 0.73588 0.555883 -4.672788 1.648567 27.322134 Inside Regular s
92 Cyclist: 857.502027 170.77059 930.069107 226.973476 1 0 4 1.599537 0.877254 1.928505 8.288662 1.556121 21.254662 Inside Regular s
92 Car: 778.922064 166.666675 851.446199 193.553781 1 0 5 1.592328 1.640353 4.075885 12.635805 1.249096 44.690062 Outside Regular m
92 Car: 950.229337 163.028749 1043.708086 188.876164 1 0 6 1.456878 1.640357 4.625636 22.935464 0.926063 42.968551 Outside Regular s
92 Van: 1168.811979 155.941274 1241.0 189.842159 1 0 7 1.82574 1.708272 3.922096 33.867925 0.920564 40.235485 Outside Regular s
92 Car: 391.95006 178.458912 456.182633 205.370757 0 0 14 1.485515 1.593908 3.459552 -10.756779 1.831392 41.811159 Outside Regular m
92 Car: 242.159171 181.527438 301.323915 206.914069 1 0 15 1.5 1.616834 3.673507 -20.96973 2.057397 44.637923 Outside Regular m
92 Car: 586.881451 175.319785 609.335492 190.691819 2 0 16 1.451411 1.298694 4.043451 -1.145516 1.710246 70.677312 Outside Regular m
92 Car: 550.260475 175.231528 576.383192 190.908442 0 0 17 1.5 1.440343 3.686161 -4.600573 1.751825 71.41691 Outside Regular s
94 Car: 775.464108 183.273001 980.997359 304.034383 0 0 1 1.432109 1.594948 4.21347 3.686707 1.606495 10.847113 Inside Regular s
94 Car: 552.661457 174.553127 630.561345 202.560109 0 0 2 1.41455 1.589373 4.009846 -0.98035 1.522511 38.640149 Outside Regular s
94 Pedestrian: 473.073808 170.558667 487.073809 218.731454 0 0 3 1.719622 0.73588 0.555883 -4.756809 1.644313 26.205048 Inside Regular s
94 Cyclist: 864.366695 170.293602 941.685619 229.685015 1 0 4 1.599537 0.877254 1.928505 8.10926 1.546447 20.149549 Inside Regular s
94 Car: 761.235287 166.703358 835.914048 194.313889 1 0 5 1.592328 1.640353 4.075885 11.312664 1.259092 43.544846 Outside Regular m
94 Car: 937.667523 163.67555 1032.380038 190.05501 1 0 6 1.456878 1.640357 4.625636 21.760255 0.97458 42.078808 Inside Regular m
94 Van: 1164.430732 155.601008 1241.0 190.271683 1 0 7 1.82574 1.708272 3.922096 32.978808 0.924633 39.407113 Outside Regular m
94 Car: 404.695585 178.005478 468.875982 205.560102 0 0 14 1.485515 1.593908 3.459552 -9.796321 1.798811 40.888654 Outside Regular m
94 Car: 236.862345 181.975134 298.470344 208.426119 1 0 15 1.5 1.616834 3.673507 -20.411653 2.063306 42.927389 Outside Regular m
94 Car: 584.470905 174.574045 607.228853 190.124737 2 0 16 1.451411 1.298694 4.043451 -1.351605 1.637546 69.9001 Outside Regular m
94 Car: 546.918257 175.415611 573.508979 191.333689 2 0 17 1.5 1.440343 3.686161 -4.835195 1.765824 70.35661 Outside Regular s
96 Car: 788.72639 184.178499 1031.404164 322.69738 0 0 1 1.432109 1.594948 4.21347 3.654561 1.60554 9.751406 Inside Regular s
96 Car: 524.658525 174.766613 606.334193 204.658614 0 0 2 1.41455 1.589373 4.009846 -2.225504 1.525891 36.316807 Outside Regular s
96 Pedestrian: 464.547029 170.330935 478.54703 220.68009 0 0 3 1.719622 0.73588 0.555883 -4.840829 1.640058 25.087962 Inside Regular s
96 Cyclist: 874.754555 169.759104 957.356593 232.477684 1 0 4 1.599537 0.877254 1.928505 8.0317 1.536462 19.11583 Inside Regular s
96 Car: 742.682154 166.745223 819.429918 195.118097 1 0 5 1.592328 1.640353 4.075885 9.989523 1.269087 42.39963 Outside Regular m
96 Car: 923.697374 164.142782 1019.393806 191.012498 1 0 6 1.456878 1.640357 4.625636 20.581558 1.010182 41.296419 Inside Regular m
96 Van: 1159.88154 155.24341 1241.0 190.719075 1 0 7 1.82574 1.708272 3.922096 32.089691 0.928702 38.57874 Outside Regular s
96 Car: 420.108499 177.688314 485.130757 205.789823 1 0 14 1.485515 1.593908 3.459552 -8.798581 1.77601 40.162811 Outside Regular m
96 Car: 231.340971 182.213406 296.869546 209.712756 1 0 15 1.5 1.616834 3.673507 -19.848529 2.05674 41.313584 Outside Regular m
96 Car: 582.004588 173.811018 605.076146 189.544522 2 0 16 1.451411 1.298694 4.043451 -1.557693 1.564846 69.122887 Outside Regular s
96 Car: 543.471203 175.605488 570.548931 191.772285 2 0 17 1.5 1.440343 3.686161 -5.069817 1.779823 69.29631 Outside Regular m
98 Car: 803.648562 185.305385 1093.20586 345.617519 0 0 1 1.432109 1.594948 4.21347 3.628699 1.606575 8.738703 Inside Regular s
98 Car: 492.776712 175.008697 578.807811 207.059245 0 0 2 1.41455 1.589373 4.009846 -3.470657 1.52927 33.993465 Outside Regular m
98 Pedestrian: 456.089368 170.081665 471.422701 222.813141 0 0 3 1.719622 0.73588 0.555883 -4.92485 1.635804 23.970876 Inside Regular s
98 Cyclist: 886.175326 169.170103 974.676666 235.550736 1 0 4 1.599537 0.877254 1.928505 7.957204 1.52661 18.098013 Inside Regular s
98 Car: 722.350004 167.197564 801.181689 196.421091 1 0 5 1.592328 1.640353 4.075885 8.609403 1.302382 41.198183 Outside Regular m
98 Car: 908.342548 164.464314 1004.762862 191.775615 1 0 6 1.456878 1.640357 4.625636 19.399401 1.035507 40.621355 Inside Regular m
98 Van: 1152.978805 155.429504 1241.0 191.73551 1 0 7 1.82574 1.708272 3.922096 31.113833 0.962135 37.790761 Outside Regular s
98 Car: 437.393474 177.501714 504.937713 205.926827 2 0 14 1.485515 1.593908 3.459552 -7.693564 1.762869 39.779731 Outside Regular m
98 Car: 225.701244 182.216279 296.563319 210.728865 1 0 15 1.5 1.616834 3.673507 -19.280357 2.0377 39.796507 Outside Regular s
98 Car: 579.051085 173.580468 602.571691 189.572782 1 0 16 1.451411 1.298694 4.043451 -1.790398 1.542372 68.038784 Outside Regular s
98 Car: 539.914301 175.801438 567.499146 192.224868 2 0 17 1.5 1.440343 3.686161 -5.304439 1.793823 68.236011 Outside Regular s
100 Car: 820.363041 186.693274 1169.790246 374.0 0 0 1 1.432109 1.594948 4.21347 3.609122 1.609601 7.809003 Inside Regular s
100 Car: 457.760245 175.587205 549.263222 210.260809 1 0 2 1.41455 1.589373 4.009846 -4.625165 1.546211 31.592062 Outside Regular s
100 Pedestrian: 445.212657 169.878206 464.54599 224.914309 0 0 3 1.719622 0.73588 0.555883 -4.995671 1.63322 22.982262 Inside Regular s
100 Cyclist: 898.746443 168.545266 993.587714 238.760176 1 0 4 1.599537 0.877254 1.928505 7.905126 1.517209 17.145997 Inside Regular s
100 Car: 699.970454 168.094697 780.956802 198.279637 0 0 5 1.592328 1.640353 4.075885 7.172302 1.358978 39.940504 Outside Regular m
100 Car: 892.510037 167.418124 989.673836 195.123612 1 0 6 1.456878 1.640357 4.625636 18.218728 1.201324 39.944823 Outside Regular s
100 Van: 1143.587001 156.199732 1241.0 193.355279 1 0 7 1.82574 1.708272 3.922096 30.051235 1.024931 37.043177 Outside Regular s
100 Car: 456.932537 177.296625 526.353931 205.930515 2 0 14 1.485515 1.593908 3.459552 -6.518554 1.749607 39.542753 Outside Regular m
100 Car: 219.749485 182.221247 296.058274 211.818968 1 0 15 1.5 1.616834 3.673507 -18.712186 2.018659 38.279431 Outside Regular m
100 Car: 575.54396 173.905923 599.665149 190.240506 0 0 16 1.451411 1.298694 4.043451 -2.04972 1.570123 66.647791 Outside Regular s
100 Car: 536.242213 176.003756 564.355484 192.692116 1 0 17 1.5 1.440343 3.686161 -5.539061 1.807822 67.175711 Outside Regular s
102 Car: 840.522181 188.36842 1241.0 374.0 0 0 1 1.432109 1.594948 4.21347 3.589544 1.612626 6.879303 Inside Regular s
102 Car: 418.441438 176.58118 517.042278 214.505807 1 0 2 1.41455 1.589373 4.009846 -5.689029 1.576713 29.112598 Inside Regular m
102 Pedestrian: 438.788088 169.730402 456.288088 226.94203 0 0 3 1.719622 0.73588 0.555883 -5.053292 1.632308 22.12212 Inside Regular s
102 Cyclist: 911.562344 167.92309 1012.805897 241.919599 1 0 4 1.599537 0.877254 1.928505 7.871289 1.508762 16.303675 Inside Regular s
102 Car: 676.178942 169.046244 759.352806 200.271598 0 0 5 1.592328 1.640353 4.075885 5.735202 1.415573 38.682825 Outside Regular m
102 Car: 876.136038 167.58656 974.189858 195.751338 1 0 6 1.456878 1.640357 4.625636 17.062971 1.214256 39.311129 Outside Regular m
102 Van: 1133.820055 157.007497 1241.0 195.042965 1 0 7 1.82574 1.708272 3.922096 28.988636 1.087728 36.295592 Outside Regular s
102 Car: 474.591271 177.199999 545.755317 206.328341 1 0 14 1.485515 1.593908 3.459552 -5.41146 1.740037 38.922539 Outside Regular s
102 Car: 221.589128 182.140324 300.358465 212.68492 1 0 15 1.5 1.616834 3.673507 -17.993252 1.99957 37.129222 Outside Regular m
102 Car: 572.745164 174.194567 597.252113 190.742871 0 0 16 1.451411 1.298694 4.043451 -2.261343 1.594421 65.807632 Outside Regular s
102 Car: 533.572818 176.181308 562.115197 193.100455 1 0 17 1.5 1.440343 3.686161 -5.690466 1.819781 66.279472 Outside Regular s
104 Car: 862.405024 190.160174 1241.0 374.0 0 1 1 1.432109 1.594948 4.21347 3.572365 1.615033 6.049525 Inside Regular s
104 Car: 375.76551 177.76127 483.203007 219.730061 1 0 2 1.41455 1.589373 4.009846 -6.57996 1.60744 26.568557 Inside Regular m
104 Pedestrian: 430.38841 169.570439 447.721744 229.136665 0 0 3 1.719622 0.73588 0.555883 -5.110913 1.631395 21.261978 Inside Regular s
104 Cyclist: 925.602463 167.242258 1033.964747 245.365237 1 0 4 1.599537 0.877254 1.928505 7.841989 1.500438 15.477612 Inside Regular s
104 Car: 652.054976 169.36627 737.577116 201.735366 0 0 5 1.592328 1.640353 4.075885 4.360006 1.436518 37.380445 Outside Regular m
104 Car: 859.231211 167.760882 958.187686 196.401694 1 0 6 1.456878 1.640357 4.625636 15.907213 1.227187 38.677434 Outside Regular m
104 Van: 1119.07912 156.940113 1229.097833 195.50202 1 0 7 1.82574 1.708272 3.922096 27.891754 1.095959 35.831042 Outside Regular s
104 Car: 492.339489 177.2053 564.277829 206.628095 0 0 14 1.485515 1.593908 3.459552 -4.38746 1.737599 38.571397 Outside Regular m
104 Car: 223.547343 182.054264 304.931637 213.608363 0 0 15 1.5 1.616834 3.673507 -17.274317 1.98048 35.979012 Outside Regular m
104 Car: 570.755412 174.437418 595.410195 191.06028 0 0 16 1.451411 1.298694 4.043451 -2.425268 1.615266 65.518308 Outside Regular s
104 Car: 531.96892 176.331673 560.830777 193.444259 2 0 17 1.5 1.440343 3.686161 -5.758654 1.829699 65.547293 Outside Regular s
106 Car: 889.220208 192.357917 1241.0 374.0 0 1 1 1.432109 1.594948 4.21347 3.555186 1.61744 5.219748 Outside Regular s
106 Car: 328.215976 179.189537 446.993084 226.313267 1 0 2 1.41455 1.589373 4.009846 -7.29796 1.638391 23.959938 Inside Regular m
106 Pedestrian: 421.099013 169.396754 439.432346 231.519706 0 0 3 1.719622 0.73588 0.555883 -5.168534 1.630482 20.401835 Inside Regular s
106 Cyclist: 940.544367 166.533772 1056.400547 248.911771 1 0 4 1.599537 0.877254 1.928505 7.827556 1.492601 14.71327 Inside Regular s
106 Car: 627.492165 168.996354 715.508163 202.609195 0 0 5 1.592328 1.640353 4.075885 3.046713 1.421811 36.033365 Outside Regular s
106 Car: 842.280665 167.980854 942.172323 197.105891 1 0 6 1.456878 1.640357 4.625636 14.784092 1.242015 38.056263 Outside Regular m
106 Van: 1103.962792 156.899034 1214.300872 195.973348 1 0 7 1.82574 1.708272 3.922096 26.794872 1.10419 35.366492 Outside Regular s
106 Car: 511.558738 176.725314 583.149871 206.128952 0 0 14 1.485515 1.593908 3.459552 -3.364657 1.71119 38.577276 Outside Regular m
106 Car: 227.302997 181.194336 312.651126 213.622998 0 0 15 1.5 1.616834 3.673507 -16.490124 1.925485 34.931932 Outside Regular m
106 Car: 568.747424 174.682491 593.552453 191.380604 1 0 16 1.451411 1.298694 4.043451 -2.589194 1.63611 65.228983 Outside Regular s
106 Car: 530.327822 176.485539 559.518074 193.796051 2 0 17 1.5 1.440343 3.686161 -5.826841 1.839618 64.815114 Outside Regular s
108 Car: 914.885123 195.290681 1241.0 374.0 0 1 1 1.432109 1.594948 4.21347 3.557573 1.627842 4.597205 Outside Regular s
108 Car: 268.018903 180.928153 402.555124 234.646892 0 0 2 1.41455 1.589373 4.009846 -8.015959 1.669341 21.35132 Inside Regular m
108 Pedestrian: 412.3884 168.841917 433.721733 233.008478 0 0 3 1.719622 0.73588 0.555883 -5.159977 1.618612 19.763515 Inside Regular s
108 Cyclist: 956.494799 165.792583 1080.284639 252.583464 1 0 4 1.599537 0.877254 1.928505 7.826385 1.485166 14.000806 Inside Regular s
108 Car: 602.631351 170.012657 693.340195 205.092134 0 0 5 1.592328 1.640353 4.075885 1.809101 1.475497 34.640289 Outside Regular m
108 Car: 825.300048 168.248358 926.157357 197.866327 1 0 6 1.456878 1.640357 4.625636 13.693608 1.258739 37.447615 Outside Regular m
108 Van: 1089.669537 156.861325 1200.350441 196.443507 1 0 7 1.82574 1.708272 3.922096 25.769326 1.112319 34.917886 Outside Regular s
108 Car: 532.669695 175.664632 603.40491 204.938361 0 0 14 1.485515 1.593908 3.459552 -2.259958 1.653678 38.671104 Outside Regular s
108 Car: 233.263767 179.511706 323.429245 212.641161 1 0 15 1.5 1.616834 3.673507 -15.640671 1.834585 33.98798 Outside Regular m
108 Car: 568.485261 175.264817 593.546755 192.181391 2 0 16 1.451411 1.298694 4.043451 -2.568284 1.684341 64.403361 Outside Regular m
108 Car: 528.64821 176.643029 558.176144 194.156113 2 0 17 1.5 1.440343 3.686161 -5.895029 1.849536 64.082935 Outside Regular s
110 Car: 945.790931 198.822008 1241.0 374.0 0 1 1 1.432109 1.594948 4.21347 3.55996 1.638244 3.974662 Inside Regular s
110 Car: 198.587955 182.470453 357.156485 245.19832 0 0 2 1.41455 1.589373 4.009846 -8.43322 1.681552 18.642584 Inside Regular m
110 Pedestrian: 406.140487 168.249356 427.807153 234.598553 0 0 3 1.719622 0.73588 0.555883 -5.15142 1.606741 19.125196 Inside Regular s
110 Cyclist: 971.683049 165.080375 1103.235757 256.112226 1 0 4 1.599537 0.877254 1.928505 7.825518 1.478701 13.381415 Inside Regular s
110 Car: 577.589442 170.763169 671.436131 207.608967 0 0 5 1.592328 1.640353 4.075885 0.662368 1.513513 33.098948 Outside Regular m
110 Car: 807.759828 168.524736 909.605563 198.65482 1 0 6 1.456878 1.640357 4.625636 12.603123 1.275463 36.838967 Outside Regular m
110 Van: 1076.251357 156.827168 1187.298906 196.911705 1 0 7 1.82574 1.708272 3.922096 24.815115 1.120345 34.485224 Outside Regular s
110 Car: 553.842842 174.614214 623.406347 203.74849 2 0 14 1.485515 1.593908 3.459552 -1.155259 1.596166 38.764932 Outside Regular s
110 Car: 241.394407 179.492071 335.275887 213.329915 2 0 15 1.5 1.616834 3.673507 -14.860164 1.826869 33.322289 Inside Regular m
110 Car: 568.216111 175.862775 593.540878 193.003644 2 0 16 1.451411 1.298694 4.043451 -2.547375 1.732573 63.577739 Outside Regular m
110 Car: 526.928712 176.804272 556.804002 194.524741 1 0 17 1.5 1.440343 3.686161 -5.963216 1.859455 63.350757 Outside Regular s
112 Car: 980.337957 202.830904 1241.0 374.0 0 1 1 1.432109 1.594948 4.21347 3.56329 1.648345 3.404113 Inside Regular s
112 Car: 106.224898 184.446652 301.395926 259.888378 0 0 2 1.41455 1.589373 4.009846 -8.757491 1.692812 15.912894 Inside Regular m
112 Pedestrian: 399.316808 167.615088 422.983475 236.300634 0 0 3 1.719622 0.73588 0.555883 -5.142863 1.59487 18.486876 Inside Regular s
112 Cyclist: 987.275303 164.32989 1127.167308 259.85549 1 0 4 1.599537 0.877254 1.928505 7.818232 1.472546 12.785168 Inside Regular s
112 Car: 550.02659 171.187289 647.437987 210.002879 0 0 5 1.592328 1.640353 4.075885 -0.484422 1.534219 31.529437 Outside Regular s
112 Car: 788.66497 168.851741 891.869157 199.605586 1 0 6 1.456878 1.640357 4.625636 11.452703 1.293565 36.147901 Outside Regular m
112 Van: 1059.226161 156.848865 1169.979282 197.313109 1 0 7 1.82574 1.708272 3.922096 23.769634 1.128467 34.164186 Inside Regular m
112 Car: 573.851895 174.400038 640.416816 203.11185 2 0 14 1.485515 1.593908 3.459552 -0.155868 1.583778 39.261954 Outside Regular m
112 Car: 250.452778 179.45602 347.000545 214.181315 1 0 15 1.5 1.616834 3.673507 -14.079657 1.819154 32.656598 Outside Regular m
112 Car: 567.939688 176.477002 593.534817 193.848239 2 0 16 1.451411 1.298694 4.043451 -2.526465 1.780804 62.752116 Outside Regular s
112 Car: 525.167888 176.969406 555.400618 194.902243 0 0 17 1.5 1.440343 3.686161 -6.031404 1.869374 62.618578 Outside Regular s
114 Car: 1018.698013 207.453386 1241.0 374.0 0 1 1 1.432109 1.594948 4.21347 3.567565 1.658145 2.885558 Inside Regular s
114 Car: 0.0 187.096402 229.503858 281.787799 0 0 2 1.41455 1.589373 4.009846 -8.988772 1.703122 13.162248 Inside Regular m
114 Pedestrian: 392.555498 168.71346 414.888832 239.531705 0 0 3 1.719622 0.73588 0.555883 -5.143821 1.625612 17.941306 Inside Regular s
114 Cyclist: 1000.487791 165.073522 1146.929064 264.199018 1 0 4 1.599537 0.877254 1.928505 7.829415 1.489747 12.354283 Inside Regular s
114 Car: 519.388181 171.164904 621.022183 212.256612 0 0 5 1.592328 1.640353 4.075885 -1.631269 1.537614 29.931759 Inside Regular m
114 Car: 768.926489 169.192602 873.313 200.598516 1 0 6 1.456878 1.640357 4.625636 10.302283 1.311666 35.456835 Outside Regular m
114 Van: 1038.656812 156.927841 1148.443577 197.641816 1 0 7 1.82574 1.708272 3.922096 22.632882 1.136685 33.95477 Inside Regular s
114 Car: 593.764139 174.194607 656.643173 202.480876 1 0 14 1.485515 1.593908 3.459552 0.843524 1.571389 39.758975 Outside Regular s
114 Car: 266.293021 179.259008 362.863822 214.585931 0 0 15 1.5 1.616834 3.673507 -13.214675 1.808369 32.335021 Outside Regular m
114 Car: 567.655693 177.108171 593.528564 194.716098 2 0 16 1.451411 1.298694 4.043451 -2.505555 1.829036 61.926494 Inside Regular m
114 Car: 524.584354 176.942149 555.038311 194.998776 2 0 17 1.5 1.440343 3.686161 -6.031838 1.864719 62.200999 Outside Regular s
116 Car: 1065.925396 213.748741 1241.0 374.0 0 1 1 1.432109 1.594948 4.21347 3.57184 1.667946 2.367003 Inside Regular s
116 Car: 0.0 191.211968 135.818265 298.502106 0 1 2 1.41455 1.589373 4.009846 -9.085196 1.718724 10.399517 Inside Regular m
116 Pedestrian: 387.233267 169.220969 413.233266 241.955589 0 0 3 1.719622 0.73588 0.555883 -5.145052 1.640317 17.478271 Inside Regular s
116 Cyclist: 1014.568404 164.418357 1168.20268 267.42072 1 0 4 1.599537 0.877254 1.928505 7.84036 1.484291 11.923635 Inside Regular s
116 Car: 488.052602 171.325948 594.424886 215.10259 0 0 5 1.592328 1.640353 4.075885 -2.663098 1.549957 28.288092 Inside Regular m
116 Car: 748.037037 169.550742 853.524484 201.663379 1 0 6 1.456878 1.640357 4.625636 9.124755 1.330054 34.740183 Outside Regular m
116 Van: 1017.841857 157.007836 1126.629813 197.974645 1 0 7 1.82574 1.708272 3.922096 21.49613 1.144903 33.745355 Outside Regular m
116 Car: 612.224532 173.800434 671.590389 201.610743 0 0 14 1.485515 1.593908 3.459552 1.794766 1.551038 40.388852 Outside Regular m
116 Car: 283.733665 178.835097 377.923418 214.664367 0 0 15 1.5 1.616834 3.673507 -12.376641 1.787954 32.086159 Outside Regular m
116 Car: 567.363807 177.756994 593.522112 195.608196 2 0 16 1.451411 1.298694 4.043451 -2.484646 1.877267 61.100871 Inside Regular m
116 Car: 523.992721 176.914512 554.671233 195.096648 2 0 17 1.5 1.440343 3.686161 -6.032272 1.860064 61.783419 Inside Regular s
118 Pedestrian: 382.312365 169.081106 405.645699 243.469419 0 0 3 1.719622 0.73588 0.555883 -5.146556 1.638987 17.097769 Inside Regular s
118 Cyclist: 1029.622422 163.277738 1191.191622 270.470533 1 0 4 1.599537 0.877254 1.928505 7.851236 1.472374 11.493055 Inside Regular s
118 Car: 453.807179 171.508158 566.026171 218.465785 0 0 5 1.592328 1.640353 4.075885 -3.638042 1.562255 26.567247 Inside Regular m
118 Car: 725.851081 169.927426 832.411197 202.8075 0 0 6 1.456878 1.640357 4.625636 7.92012 1.348729 33.997944 Outside Regular m
118 Van: 995.622015 157.250858 1103.047953 198.358246 1 0 7 1.82574 1.708272 3.922096 20.353945 1.158201 33.626147 Outside Regular m
118 Car: 629.143991 173.235493 685.521289 200.460631 0 0 14 1.485515 1.593908 3.459552 2.714423 1.522055 41.229876 Outside Regular m
118 Car: 302.737495 178.171558 393.146857 214.245774 1 0 15 1.5 1.616834 3.673507 -11.604566 1.757925 32.011484 Outside Regular m
118 Car: 565.161271 175.351747 591.622753 193.367214 0 0 16 1.451411 1.298694 4.043451 -2.635993 1.678817 60.592664 Outside Regular s
118 Car: 523.392817 176.886487 554.299289 195.19589 2 0 17 1.5 1.440343 3.686161 -6.032706 1.85541 61.36584 Inside Regular m
120 Pedestrian: 377.507982 168.93474 403.841316 245.053693 0 0 3 1.719622 0.73588 0.555883 -5.148061 1.637656 16.717268 Inside Regular s
120 Cyclist: 1045.771267 162.735449 1216.13551 274.475587 1 0 4 1.599537 0.877254 1.928505 7.862217 1.470417 11.062371 Inside Regular s
120 Car: 415.630162 171.718399 535.247446 222.496958 1 0 5 1.592328 1.640353 4.075885 -4.556101 1.574509 24.769225 Inside Regular m
120 Car: 701.670425 170.488496 809.521493 204.235465 0 0 6 1.456878 1.640357 4.625636 6.661874 1.375529 33.20473 Outside Regular m
120 Van: 973.240278 157.495581 1079.302748 198.74484 1 0 7 1.82574 1.708272 3.922096 19.211759 1.1715 33.506938 Outside Regular m
120 Car: 645.666372 172.682428 698.961626 199.293411 0 0 14 1.485515 1.593908 3.459552 3.650644 1.492402 42.14919 Outside Regular m
120 Car: 320.192701 177.507604 411.610093 213.644032 1 0 15 1.5 1.616834 3.673507 -10.871502 1.727909 32.038278 Outside Regular m
120 Car: 564.961412 175.564982 591.535238 193.658984 2 0 16 1.451411 1.298694 4.043451 -2.636739 1.695143 60.335162 Outside Regular s
120 Car: 522.78447 176.858065 553.922382 195.296528 1 0 17 1.5 1.440343 3.686161 -6.033139 1.850755 60.948261 Outside Regular s
122 Pedestrian: 378.804931 168.781408 400.471597 246.713444 0 0 3 1.719622 0.73588 0.555883 -5.149565 1.636325 16.336767 Inside Regular s
122 Cyclist: 1059.31743 161.380381 1237.310675 277.081849 1 0 4 1.599537 0.877254 1.928505 7.865872 1.456619 10.717132 Inside Regular s
122 Car: 376.794732 171.993984 504.528829 227.170264 1 0 5 1.592328 1.640353 4.075885 -5.315487 1.587583 22.997274 Inside Regular m
122 Car: 675.166387 171.247225 784.686066 205.978925 0 0 6 1.456878 1.640357 4.625636 5.350017 1.410453 32.360539 Outside Regular m
122 Van: 948.871916 157.783705 1053.665572 199.17468 1 0 7 1.82574 1.708272 3.922096 17.991081 1.18594 33.390958 Outside Regular m
122 Car: 656.652232 172.522196 703.567718 198.414346 1 0 14 1.485515 1.593908 3.459552 4.21933 1.485457 43.291061 Outside Regular m
122 Car: 335.582388 177.567761 428.960203 213.43221 1 0 15 1.5 1.616834 3.673507 -10.225004 1.731088 32.359182 Inside Regular m
122 Car: 564.759785 175.780111 591.446995 193.953336 0 0 16 1.451411 1.298694 4.043451 -2.637485 1.711469 60.07766 Outside Regular s
122 Car: 522.167498 176.829238 553.540411 195.398594 0 0 17 1.5 1.440343 3.686161 -6.033573 1.846101 60.530682 Outside Regular s
124 Pedestrian: 366.019908 168.620599 392.353241 248.454199 0 0 3 1.719622 0.73588 0.555883 -5.151069 1.634994 15.956266 Inside Regular s
124 Cyclist: 1069.743244 161.021026 1241.0 279.366465 1 0 4 1.599537 0.877254 1.928505 7.862441 1.453865 10.4571 Inside Regular s
124 Car: 331.268598 172.778763 470.582878 233.526404 1 0 5 1.592328 1.640353 4.075885 -6.011467 1.612361 21.102389 Inside Regular m
124 Car: 647.688127 171.903942 759.205405 207.74295 0 0 6 1.456878 1.640357 4.625636 4.056911 1.439351 31.465747 Outside Regular s
124 Van: 922.487849 158.116042 1026.139506 199.648858 1 0 7 1.82574 1.708272 3.922096 16.69191 1.20152 33.278206 Outside Regular m
124 Car: 666.759439 172.477546 710.590685 197.495309 2 0 14 1.485515 1.593908 3.459552 4.890918 1.482684 44.739748 Outside Regular m
124 Car: 350.642009 177.644149 442.983493 213.12073 2 0 15 1.5 1.616834 3.673507 -9.663674 1.735077 32.730494 Inside Regular m
124 Car: 564.556366 175.997158 591.358016 194.250306 0 0 16 1.451411 1.298694 4.043451 -2.638231 1.727795 59.820158 Outside Regular s
124 Car: 521.728814 176.824192 553.267188 195.484128 0 0 17 1.5 1.440343 3.686161 -6.034705 1.844119 60.244817 Outside Regular s
126 Pedestrian: 364.535735 168.304463 394.869068 249.683359 0 0 3 1.719622 0.73588 0.555883 -5.149867 1.630024 15.660118 Inside Stopped s
126 Cyclist: 1080.655733 160.606112 1241.0 281.45233 1 0 4 1.599537 0.877254 1.928505 7.858991 1.449245 10.197088 Inside Stopped s
126 Car: 277.436062 173.827943 432.604738 241.404413 1 0 5 1.592328 1.640353 4.075885 -6.653693 1.638893 19.193704 Inside Stopped m
126 Car: 619.002273 172.454237 732.903169 209.537664 0 0 6 1.456878 1.640357 4.625636 2.782557 1.462222 30.520352 Outside Stopped m
126 Van: 895.89606 158.451101 998.455781 200.127506 1 0 7 1.82574 1.708272 3.922096 15.39274 1.217101 33.165454 Outside Stopped m
126 Car: 676.44788 172.56152 716.924293 196.818934 2 0 14 1.485515 1.593908 3.459552 5.55057 1.487886 46.098121 Outside Stopped s
126 Car: 365.127831 177.73344 453.988968 212.719689 2 0 15 1.5 1.616834 3.673507 -9.187512 1.739877 33.152212 Inside Stopped s
126 Car: 564.35113 176.21615 591.268291 194.549928 0 0 16 1.451411 1.298694 4.043451 -2.638977 1.744121 59.562656 Outside Stopped s
126 Car: 521.285832 176.819096 552.991429 195.5705 0 0 17 1.5 1.440343 3.686161 -6.035836 1.842138 59.958952 Outside Stopped s
128 Pedestrian: 358.328121 168.714547 386.328121 251.237464 0 0 3 1.719622 0.73588 0.555883 -5.145762 1.639942 15.448129 Inside Stopped s
128 Cyclist: 1092.086011 159.821617 1241.0 283.228106 1 0 4 1.599537 0.877254 1.928505 7.855491 1.439996 9.937124 Inside Stopped s
128 Car: 214.856265 175.690989 391.597513 251.987676 1 0 5 1.592328 1.640353 4.075885 -7.169198 1.676596 17.243853 Inside Stopped m
128 Car: 588.38517 173.03568 704.993615 211.45949 0 0 6 1.456878 1.640357 4.625636 1.508203 1.485094 29.574958 Inside Stopped m
128 Van: 869.105794 158.955497 970.832947 200.773504 1 0 7 1.82574 1.708272 3.922096 14.10262 1.239183 33.056058 Outside Stopped m
128 Car: 685.846251 172.763525 722.6342 196.379647 1 0 14 1.485515 1.593908 3.459552 6.198286 1.501062 47.36618 Outside Stopped s
128 Car: 378.424579 177.824421 461.381292 212.069123 1 0 15 1.5 1.616834 3.673507 -8.864284 1.745963 33.770632 Outside Stopped m
128 Car: 564.144055 176.437113 591.17781 194.852239 0 0 16 1.451411 1.298694 4.043451 -2.639723 1.760447 59.305154 Outside Stopped s
128 Car: 520.838488 176.81395 552.713098 195.657722 0 0 17 1.5 1.440343 3.686161 -6.036967 1.840157 59.673087 Outside Stopped s
130 Pedestrian: 354.866835 168.81897 383.533501 252.51784 0 0 3 1.719622 0.73588 0.555883 -5.141727 1.643312 15.236208 Inside Stopped s
130 Cyclist: 1104.108198 161.015683 1241.0 287.046994 1 0 4 1.599537 0.877254 1.928505 7.852261 1.456233 9.676893 Inside Stopped s
130 Car: 138.158698 177.827788 345.777677 265.734388 0 0 5 1.592328 1.640353 4.075885 -7.566074 1.708742 15.240914 Inside Stopped m
130 Car: 559.039444 174.051638 679.328267 214.173188 0 0 6 1.456878 1.640357 4.625636 0.378504 1.524094 28.487849 Inside Stopped m
130 Van: 842.126897 159.463604 943.033153 201.425621 1 0 7 1.82574 1.708272 3.922096 12.812501 1.261264 32.946663 Outside Stopped m
130 Car: 693.149542 172.92936 726.176112 195.752092 0 0 14 1.485515 1.593908 3.459552 6.780993 1.512595 49.013666 Outside Stopped m
130 Car: 392.314599 177.916484 467.644401 211.400703 1 0 15 1.5 1.616834 3.673507 -8.541056 1.752049 34.389051 Outside Stopped m
130 Car: 563.935114 176.660073 591.086565 195.157275 2 0 16 1.451411 1.298694 4.043451 -2.640469 1.776774 59.047652 Outside Stopped m
130 Car: 520.386717 176.808753 552.432159 195.745808 0 0 17 1.5 1.440343 3.686161 -6.038098 1.838175 59.387223 Outside Stopped s
132 Pedestrian: 350.483491 168.885803 380.150159 253.794536 0 0 3 1.719622 0.73588 0.555883 -5.1377 1.645856 15.024296 Inside Stopped s
132 Cyclist: 1114.822559 161.132604 1241.0 289.417818 1 0 4 1.599537 0.877254 1.928505 7.852048 1.45822 9.455949 Inside Stopped s
132 Car: 35.317417 179.585925 292.160274 284.645055 0 0 5 1.592328 1.640353 4.075885 -7.835141 1.725595 13.115333 Inside Stopped m
132 Car: 527.216682 175.137862 651.734032 217.127448 0 0 6 1.456878 1.640357 4.625636 -0.751194 1.563095 27.40074 Inside Stopped m
132 Van: 815.398294 160.070698 915.733236 202.280479 1 0 7 1.82574 1.708272 3.922096 11.519387 1.289319 32.760495 Outside Stopped m
132 Car: 697.394855 173.28339 727.973564 195.341508 0 0 14 1.485515 1.593908 3.459552 7.223156 1.537185 50.682358 Outside Stopped m
132 Car: 402.128623 178.011068 466.03016 210.757605 1 0 15 1.5 1.616834 3.673507 -8.514782 1.762195 35.08526 Outside Stopped m
132 Car: 563.724283 176.885058 590.994544 195.465073 2 0 16 1.451411 1.298694 4.043451 -2.641215 1.7931 58.79015 Outside Stopped m
132 Car: 519.930455 176.803504 552.148575 195.83477 1 0 17 1.5 1.440343 3.686161 -6.03923 1.836194 59.101358 Outside Stopped s
134 Pedestrian: 347.59018 167.459796 376.256847 253.498734 0 0 3 1.719622 0.73588 0.555883 -5.141979 1.618295 14.831473 Inside Stopped s
134 Cyclist: 1124.051419 161.48064 1241.0 291.655032 1 0 4 1.599537 0.877254 1.928505 7.855031 1.462845 9.274116 Inside Stopped s
134 Car: 0.0 181.740583 222.865007 313.34533 0 0 5 1.592328 1.640353 4.075885 -8.022061 1.742125 10.892836 Inside Stopped m
134 Car: 493.898868 176.013059 623.514447 220.206373 0 0 6 1.456878 1.640357 4.625636 -1.82123 1.590671 26.218564 Inside Stopped m
134 Van: 788.719217 160.781499 888.765791 203.349384 1 0 7 1.82574 1.708272 3.922096 10.223279 1.323346 32.497553 Outside Stopped m
134 Truck: 1163.226408 126.378678 1241.0 200.689413 1 1 8 3.011065 2.597988 11.84035 30.186734 1.078695 29.65535 Inside Stopped s
134 Car: 701.378371 173.614136 729.647563 194.956879 0 0 14 1.485515 1.593908 3.459552 7.66532 1.561776 52.351051 Outside Stopped m
134 Car: 409.91536 178.10591 462.435564 210.311715 0 0 15 1.5 1.616834 3.673507 -8.591502 1.774778 35.800199 Outside Stopped m
134 Car: 563.511535 177.112096 590.901739 195.77567 2 0 16 1.451411 1.298694 4.043451 -2.64196 1.809426 58.532648 Inside Stopped m
134 Car: 519.437505 177.073293 551.757783 196.16081 2 0 17 1.5 1.440343 3.686161 -6.0575 1.856559 58.927662 Outside Stopped s
136 Pedestrian: 346.292201 168.700556 372.625534 255.906329 0 0 3 1.719622 0.73588 0.555883 -5.145691 1.644312 14.638089 Inside Stopped s
136 Cyclist: 1133.637104 162.387724 1241.0 294.523791 1 1 4 1.599537 0.877254 1.928505 7.858084 1.474132 9.092213 Inside Stopped s
136 Car: 0.0 184.776823 124.928506 318.441324 0 1 5 1.592328 1.640353 4.075885 -8.208981 1.758655 8.670338 Inside Stopped m
136 Car: 458.469705 176.661027 594.259158 223.464576 0 0 6 1.456878 1.640357 4.625636 -2.831601 1.606823 24.941321 Inside Stopped m
136 Van: 759.932346 162.109322 860.249177 205.255856 0 0 7 1.82574 1.708272 3.922096 8.829494 1.384764 32.092747 Outside Stopped m
136 Truck: 1113.824537 126.172868 1241.0 201.317964 1 1 8 3.011065 2.597988 11.84035 28.086647 1.110275 29.801647 Inside Stopped s
136 Car: 704.906807 174.114961 730.502972 194.744747 0 0 14 1.485515 1.593908 3.459552 8.089512 1.600554 54.132578 Outside Stopped m
136 Car: 415.233099 178.672011 458.304697 210.282837 0 0 15 1.5 1.616834 3.673507 -8.743537 1.809367 36.520396 Outside Stopped m
136 Car: 563.296845 177.341214 590.80814 196.089104 2 0 16 1.451411 1.298694 4.043451 -2.642706 1.825752 58.275146 Inside Stopped m
136 Car: 518.941554 177.344732 551.364746 196.488838 2 0 17 1.5 1.440343 3.686161 -6.07577 1.876923 58.753966 Inside Stopped s
138 Pedestrian: 339.242886 171.21645 370.242885 259.623996 0 0 3 1.719622 0.73588 0.555883 -5.149148 1.694575 14.444453 Inside Stopped s
138 Cyclist: 1143.599423 163.824307 1241.0 297.998621 1 1 4 1.599537 0.877254 1.928505 7.8612 1.491421 8.910247 Inside Stopped s
138 Car: 418.900172 177.370137 562.054476 227.111889 0 0 6 1.456878 1.640357 4.625636 -3.841973 1.622975 23.664078 Inside Stopped m
138 Van: 730.5569 162.77497 831.600417 206.717888 0 0 7 1.82574 1.708272 3.922096 7.419894 1.418041 31.548785 Outside Stopped m
138 Truck: 1070.474715 125.960358 1241.0 201.727681 1 1 8 3.011065 2.597988 11.84035 26.259012 1.134226 29.981082 Inside Stopped m
138 Car: 708.017909 174.765993 730.599613 194.689156 0 0 14 1.485515 1.593908 3.459552 8.495734 1.653521 56.026939 Outside Stopped m
138 Car: 417.96383 179.678693 452.053905 210.712679 1 0 15 1.5 1.616834 3.673507 -9.082483 1.867149 37.227135 Outside Stopped m
138 Car: 563.080185 177.572441 590.713736 196.405416 0 0 16 1.451411 1.298694 4.043451 -2.643452 1.842078 58.017644 Outside Stopped s
138 Car: 518.442574 177.617834 550.969445 196.818872 2 0 17 1.5 1.440343 3.686161 -6.09404 1.897288 58.58027 Inside Stopped m
140 Pedestrian: 337.000253 170.149073 368.66692 259.692483 0 0 3 1.719622 0.73588 0.555883 -5.153256 1.674394 14.265662 Inside Stopped s
140 Cyclist: 1153.932291 164.089007 1241.0 300.379706 1 1 4 1.599537 0.877254 1.928505 7.864165 1.49443 8.728431 Inside Stopped s
140 Car: 377.252559 178.277238 529.631394 231.572562 1 0 6 1.456878 1.640357 4.625636 -4.742374 1.642808 22.311041 Inside Stopped m
140 Van: 699.922224 163.385564 802.026278 208.322606 0 0 7 1.82574 1.708272 3.922096 5.987086 1.449218 30.897035 Outside Stopped s
140 Truck: 1027.591524 125.748569 1241.0 202.132619 1 0 8 3.011065 2.597988 11.84035 24.431377 1.158178 30.160517 Outside Stopped s
140 Car: 710.941854 175.373116 731.880883 194.635992 0 0 14 1.485515 1.593908 3.459552 8.901956 1.706487 57.921299 Outside Stopped m
140 Car: 410.020592 179.541021 453.131397 209.827873 1 0 15 1.5 1.616834 3.673507 -9.49237 1.870553 38.094187 Inside Stopped m
140 Car: 562.861529 177.805807 590.618516 196.724644 0 0 16 1.451411 1.298694 4.043451 -2.644198 1.858404 57.760142 Outside Stopped s
140 Car: 517.940537 177.892615 550.571859 197.15093 2 0 17 1.5 1.440343 3.686161 -6.11231 1.917653 58.406574 Outside Stopped s
142 Pedestrian: 329.508577 169.71664 362.175245 260.427046 0 0 3 1.719622 0.73588 0.555883 -5.15723 1.666831 14.086739 Inside Stopped s
142 Cyclist: 1164.671873 163.999906 1241.0 302.491076 1 1 4 1.599537 0.877254 1.928505 7.867086 1.493264 8.546658 Inside Stopped s
142 Car: 332.580071 179.424652 496.62128 237.08104 1 0 6 1.456878 1.640357 4.625636 -5.532803 1.666322 20.88221 Inside Stopped m
142 Van: 667.727203 164.651697 770.82 210.615541 0 0 7 1.82574 1.708272 3.922096 4.546884 1.506433 30.276651 Inside Stopped m
142 Truck: 987.54831 125.539963 1241.0 202.392519 1 0 8 3.011065 2.597988 11.84035 22.731217 1.177847 30.375809 Outside Stopped s
142 Car: 712.301713 175.118497 732.652539 193.738291 0 0 14 1.485515 1.593908 3.459552 9.293206 1.69281 59.869775 Inside Stopped m
142 Car: 398.962017 179.498811 448.473704 209.187228 1 0 15 1.5 1.616834 3.673507 -10.0831 1.876133 38.778469 Inside Stopped m
142 Car: 562.640849 178.041342 590.522471 197.046829 0 0 16 1.451411 1.298694 4.043451 -2.644944 1.87473 57.50264 Outside Stopped s
142 Car: 517.435416 178.169091 550.17197 197.485032 0 0 17 1.5 1.440343 3.686161 -6.13058 1.938018 58.232879 Outside Stopped s
144 Pedestrian: 327.096522 169.733364 358.763188 261.642687 0 0 3 1.719622 0.73588 0.555883 -5.161114 1.667924 13.907726 Inside Stopped s
144 Cyclist: 1175.844526 163.642524 1241.0 304.423427 1 1 4 1.599537 0.877254 1.928505 7.869976 1.489096 8.364917 Inside Stopped s
144 Car: 280.557741 180.71689 459.217224 243.50576 1 0 6 1.456878 1.640357 4.625636 -6.323232 1.689837 19.453378 Inside Stopped m
144 Van: 636.082827 164.787967 741.241747 212.211866 0 0 7 1.82574 1.708272 3.922096 3.177175 1.518468 29.397603 Inside Stopped m
144 Truck: 948.027144 125.329248 1241.0 202.648745 1 0 8 3.011065 2.597988 11.84035 21.031057 1.197515 30.591101 Outside Stopped s
144 Car: 713.578347 174.880415 733.374061 192.898665 0 0 14 1.485515 1.593908 3.459552 9.684455 1.679133 61.818251 Inside Stopped m
144 Car: 385.138206 179.541382 438.610287 208.788178 1 0 15 1.5 1.616834 3.673507 -10.854674 1.883892 39.279982 Inside Stopped s
144 Car: 562.353036 178.039861 590.281974 197.079397 0 0 16 1.451411 1.298694 4.043451 -2.661365 1.873912 57.403525 Outside Stopped s
144 Car: 516.92718 178.447278 549.769757 197.821197 0 0 17 1.5 1.440343 3.686161 -6.14885 1.958382 58.059183 Outside Stopped s
146 Pedestrian: 325.593097 170.088119 354.926431 263.229293 0 0 3 1.719622 0.73588 0.555883 -5.164931 1.675277 13.728648 Inside Stopped s
146 Cyclist: 1187.469006 162.530645 1241.0 305.695095 1 1 4 1.599537 0.877254 1.928505 7.872778 1.47664 8.183262 Inside Stopped s
146 Car: 219.64018 182.108499 417.718654 251.234531 1 0 6 1.456878 1.640357 4.625636 -7.071119 1.710659 17.971358 Inside Stopped m
146 Van: 602.42584 164.799805 709.879469 213.912362 0 0 7 1.82574 1.708272 3.922096 1.807466 1.530504 28.518554 Inside Stopped m
146 Truck: 909.017881 125.116393 1241.0 202.901373 1 0 8 3.011065 2.597988 11.84035 19.330897 1.217184 30.806392 Outside Stopped s
146 Car: 714.77917 174.657309 734.05018 192.111653 0 0 14 1.485515 1.593908 3.459552 10.075705 1.665456 63.766726 Outside Stopped m
146 Car: 371.76205 179.585607 428.845083 208.388581 1 0 15 1.5 1.616834 3.673507 -11.626247 1.89165 39.781494 Outside Stopped s
146 Car: 562.064193 178.038374 590.040672 197.112082 0 0 16 1.451411 1.298694 4.043451 -2.677785 1.873094 57.30441 Outside Stopped s
146 Car: 516.415803 178.71367 549.365199 198.159442 0 0 17 1.5 1.440343 3.686161 -6.16712 1.978747 57.885487 Outside Stopped m
148 Pedestrian: 322.120606 168.909206 351.120606 263.02276 0 0 3 1.719622 0.73588 0.555883 -5.16961 1.654164 13.591374 Inside Stopped s
148 Car: 148.391198 184.015646 372.898198 261.452176 1 0 6 1.456878 1.640357 4.625636 -7.712664 1.737845 16.40177 Inside Stopped m
148 Van: 567.194966 165.14495 677.809255 216.377757 0 0 7 1.82574 1.708272 3.922096 0.471301 1.557557 27.501313 Inside Stopped m
148 Truck: 870.510647 125.933705 1196.472172 203.150478 1 0 8 3.011065 2.597988 11.84035 17.630737 1.236853 31.021684 Outside Stopped s
148 Car: 715.413642 174.424172 734.371622 191.309056 0 0 14 1.485515 1.593908 3.459552 10.454623 1.650118 65.870159 Outside Stopped m
148 Car: 349.428404 179.845571 413.753043 208.217244 1 0 15 1.5 1.616834 3.673507 -12.766202 1.910419 40.159348 Outside Stopped m
148 Car: 561.774314 178.036882 589.798562 197.144885 1 0 16 1.451411 1.298694 4.043451 -2.694206 1.872277 57.205295 Outside Stopped s
148 Car: 515.888016 178.84597 548.925376 198.346385 0 0 17 1.5 1.440343 3.686161 -6.191311 1.988524 57.749693 Outside Stopped s
150 Pedestrian: 317.582809 169.484451 349.916144 264.302006 0 0 3 1.719622 0.73588 0.555883 -5.174511 1.665168 13.495271 Inside Stopped s
150 Car: 61.458802 186.682174 322.019707 275.039171 0 0 6 1.456878 1.640357 4.625636 -8.29041 1.774088 14.797802 Inside Stopped m
150 Van: 529.610895 165.927249 644.47227 219.750541 0 0 7 1.82574 1.708272 3.922096 -0.831319 1.599628 26.345877 Inside Stopped m
150 Truck: 834.716389 126.77352 1152.316065 203.461865 1 0 8 3.011065 2.597988 11.84035 16.026874 1.256292 31.19642 Outside Stopped s
150 Car: 716.010408 174.205896 734.672079 190.557143 0 0 14 1.485515 1.593908 3.459552 10.833541 1.634781 67.973592 Outside Stopped m
150 Car: 328.206529 180.109083 398.083939 208.012982 1 0 15 1.5 1.616834 3.673507 -13.906157 1.929187 40.537202 Inside Stopped m
150 Car: 561.483393 178.035385 589.55564 197.177806 2 0 16 1.451411 1.298694 4.043451 -2.710627 1.871459 57.106181 Inside Stopped m
150 Car: 515.344773 178.846099 548.45089 198.380542 0 0 17 1.5 1.440343 3.686161 -6.221422 1.987714 57.6518 Outside Stopped m
152 Pedestrian: 315.680392 170.116747 346.013725 265.649351 0 0 3 1.719622 0.73588 0.555883 -5.179402 1.677055 13.399158 Inside Stopped s
152 Car: 0.0 188.026314 265.658016 290.777138 0 0 6 1.456878 1.640357 4.625636 -8.715875 1.769445 13.110546 Inside Stopped m
152 Van: 488.361677 166.797039 608.238416 223.461188 0 0 7 1.82574 1.708272 3.922096 -2.133938 1.641699 25.190442 Inside Stopped m
152 Truck: 801.368827 127.598919 1111.640086 203.836996 1 0 8 3.011065 2.597988 11.84035 14.51931 1.275501 31.330601 Outside Stopped s
152 Car: 717.162597 174.28608 735.456525 190.139902 0 0 14 1.485515 1.593908 3.459552 11.262308 1.646325 70.05655 Outside Stopped m
152 Car: 307.097176 180.393524 378.736803 207.87222 1 0 15 1.5 1.616834 3.673507 -15.198909 1.949838 40.985235 Outside Stopped m
152 Car: 561.191424 178.033883 589.311901 197.210845 2 0 16 1.451411 1.298694 4.043451 -2.727047 1.870641 57.007066 Inside Stopped s
152 Car: 514.799622 178.846228 547.97484 198.414818 0 0 17 1.5 1.440343 3.686161 -6.251534 1.986903 57.553907 Inside Stopped s
154 Pedestrian: 311.732276 168.645211 347.065609 264.895755 0 0 3 1.719622 0.73588 0.555883 -5.184695 1.650977 13.303443 Inside Stopped s
154 Car: 0.0 189.695998 195.45414 297.207769 0 1 6 1.456878 1.640357 4.625636 -9.14134 1.764803 11.423289 Inside Stopped m
154 Van: 443.878272 165.409965 571.37648 225.953696 0 0 7 1.82574 1.708272 3.922096 -3.336377 1.614337 23.75554 Inside Stopped m
154 Truck: 769.283021 128.379636 1073.260633 204.275293 1 0 8 3.011065 2.597988 11.84035 13.057234 1.295099 31.420829 Outside Stopped s
154 Car: 718.823866 174.638245 736.683014 190.027436 0 0 14 1.485515 1.593908 3.459552 11.740925 1.684749 72.119035 Outside Stopped m
154 Car: 285.599335 180.690498 356.615152 207.814869 1 0 15 1.5 1.616834 3.673507 -16.644456 1.97237 41.503445 Outside Stopped m
154 Car: 560.898403 178.032375 589.067341 197.244004 1 0 16 1.451411 1.298694 4.043451 -2.743468 1.869824 56.907951 Outside Stopped s
154 Car: 514.252554 178.846357 547.497217 198.449215 2 0 17 1.5 1.440343 3.686161 -6.281645 1.986092 57.456014 Inside Stopped s
154 Car: 578.330608 176.750251 601.289196 194.573968 2 0 18 1.5 1.136561 3.459905 -1.746455 1.850219 62.797172 Outside Stopped s
156 Pedestrian: 311.60033 169.666371 340.933661 266.655264 0 0 3 1.719622 0.73588 0.555883 -5.189514 1.669744 13.207259 Inside Stopped s
156 Car: 0.0 193.436599 106.582596 300.247404 0 1 6 1.456878 1.640357 4.625636 -9.495844 1.783207 9.614099 Inside Stopped m
156 Van: 397.163094 165.890882 533.510527 231.324479 0 0 7 1.82574 1.708272 3.922096 -4.394593 1.647208 22.191414 Inside Stopped m
156 Truck: 738.30807 129.119489 1036.9981 204.779083 1 0 8 3.011065 2.597988 11.84035 11.640648 1.315087 31.467104 Outside Stopped s
156 Car: 720.394995 174.970339 737.839587 189.921362 0 0 14 1.485515 1.593908 3.459552 12.219541 1.723173 74.18152 Outside Stopped m
156 Car: 264.618162 180.979959 335.052803 207.758967 1 0 15 1.5 1.616834 3.673507 -18.090004 1.994902 42.021656 Outside Stopped m
156 Car: 560.604323 178.030862 588.821956 197.277282 0 0 16 1.451411 1.298694 4.043451 -2.759889 1.869006 56.808837 Outside Stopped s
156 Car: 513.703559 178.846487 547.018013 198.483734 1 0 17 1.5 1.440343 3.686161 -6.311756 1.985282 57.358121 Inside Stopped s
156 Car: 578.213657 176.744161 601.195305 194.59168 2 0 18 1.5 1.136561 3.459905 -1.753364 1.849272 62.715855 Outside Stopped s
156 Car: 536.357163 179.57066 564.135135 196.176993 2 0 19 1.402823 1.235784 3.79768 -5.236987 2.003295 63.45144 Outside Stopped s
158 Pedestrian: 308.941796 171.834915 340.941797 269.579644 0 0 3 1.719622 0.73588 0.555883 -5.194121 1.708564 13.110865 Inside Stopped s
158 Van: 342.809835 166.468016 490.242911 237.580054 1 0 7 1.82574 1.708272 3.922096 -5.452809 1.68008 20.627289 Inside Stopped m
158 Truck: 707.873479 130.211024 1001.904322 205.607466 1 0 8 3.011065 2.597988 11.84035 10.264939 1.346068 31.501665 Outside Stopped s
158 Car: 244.34385 182.46422 314.422014 208.983592 1 0 15 1.5 1.616834 3.673507 -19.491576 2.087789 42.483306 Outside Stopped m
158 Car: 560.309178 178.029343 588.575743 197.310682 0 0 16 1.451411 1.298694 4.043451 -2.776309 1.868188 56.709722 Outside Stopped s
158 Car: 513.272972 178.847141 546.640009 198.50984 0 0 17 1.5 1.440343 3.686161 -6.335875 1.98473 57.285981 Outside Stopped s
158 Car: 578.096396 176.738054 601.101175 194.609441 2 0 18 1.5 1.136561 3.459905 -1.760273 1.848325 62.634537 Outside Stopped s
158 Car: 536.001066 179.575038 563.817772 196.199852 1 0 19 1.402823 1.235784 3.79768 -5.260938 2.003053 63.38352 Outside Stopped s
160 Pedestrian: 307.563822 171.099519 338.230489 269.598114 0 0 3 1.719622 0.73588 0.555883 -5.199273 1.695774 13.015011 Inside Stopped s
160 Van: 283.983115 166.717454 446.702198 245.349896 1 0 7 1.82574 1.708272 3.922096 -6.29525 1.70385 18.879723 Inside Stopped m
160 Truck: 677.304437 131.291713 967.150281 206.442025 1 0 8 3.011065 2.597988 11.84035 8.88923 1.377049 31.536226 Outside Stopped s
160 Car: 224.668633 185.108082 294.615695 211.44894 1 0 15 1.5 1.616834 3.673507 -20.849172 2.251031 42.888396 Outside Stopped s
160 Car: 560.012962 178.027819 588.328696 197.344202 0 0 16 1.451411 1.298694 4.043451 -2.79273 1.86737 56.610607 Outside Stopped s
160 Car: 512.961853 178.848321 546.364071 198.527463 0 0 17 1.5 1.440343 3.686161 -6.354002 1.984436 57.239593 Outside Stopped s
160 Car: 577.978823 176.731931 601.006807 194.627248 2 0 18 1.5 1.136561 3.459905 -1.767182 1.847378 62.55322 Outside Stopped s
160 Car: 535.644182 179.579424 563.499747 196.222761 2 0 19 1.402823 1.235784 3.79768 -5.28489 2.002811 63.3156 Outside Stopped s
162 Pedestrian: 304.486189 170.718844 337.819523 269.984259 0 0 3 1.719622 0.73588 0.555883 -5.204358 1.689363 12.91909 Inside Stopped s
162 Van: 211.766116 167.040953 395.062322 254.868308 1 0 7 1.82574 1.708272 3.922096 -7.137692 1.72762 17.132158 Inside Stopped m
162 Truck: 648.316178 132.227139 935.57408 207.329367 1 0 8 3.011065 2.597988 11.84035 7.602221 1.403389 31.481219 Outside Stopped s
162 Car: 205.343362 187.699095 275.198182 213.863889 1 0 15 1.5 1.616834 3.673507 -22.206767 2.414273 43.293486 Outside Stopped s
162 Car: 559.715671 178.026289 588.080811 197.377845 0 0 16 1.451411 1.298694 4.043451 -2.80915 1.866553 56.511492 Outside Stopped s
162 Car: 512.650213 178.849503 546.087699 198.545116 0 0 17 1.5 1.440343 3.686161 -6.37213 1.984143 57.193205 Outside Stopped s
162 Car: 577.926667 176.728152 600.965261 194.636076 2 0 18 1.5 1.136561 3.459905 -1.770039 1.846834 62.510503 Outside Stopped s
162 Car: 535.286509 179.58382 563.181059 196.245721 2 0 19 1.402823 1.235784 3.79768 -5.308841 2.002569 63.24768 Outside Stopped s
164 Pedestrian: 300.881122 171.726093 336.881123 271.778411 0 0 3 1.719622 0.73588 0.555883 -5.209188 1.70709 12.822916 Inside Stopped s
164 Van: 128.910237 167.300419 341.371506 267.34304 1 0 7 1.82574 1.708272 3.922096 -7.756955 1.748867 15.291228 Inside Stopped m
164 Truck: 620.71641 133.027154 906.830387 208.281177 1 0 8 3.011065 2.597988 11.84035 6.40391 1.425089 31.336643 Outside Stopped s
164 Car: 559.417298 178.024753 587.832085 197.41161 0 0 16 1.451411 1.298694 4.043451 -2.825571 1.865735 56.412378 Outside Stopped s
164 Car: 512.338051 178.850687 545.810892 198.562799 0 0 17 1.5 1.440343 3.686161 -6.390257 1.98385 57.146818 Outside Stopped s
164 Car: 577.940166 176.72673 600.976718 194.635888 2 0 18 1.5 1.136561 3.459905 -1.768844 1.846694 62.506387 Outside Stopped s
164 Car: 534.928044 179.588225 562.861705 196.268732 2 0 19 1.402823 1.235784 3.79768 -5.332793 2.002327 63.17976 Outside Stopped s
166 Pedestrian: 298.248499 171.847159 339.248499 271.906589 0 0 3 1.719622 0.73588 0.555883 -5.20233 1.709188 12.822103 Inside Stopped s
166 Van: 23.303592 168.390681 280.787576 286.295185 0 0 7 1.82574 1.708272 3.922096 -8.16986 1.782713 13.27258 Inside Stopped m
166 Truck: 592.702102 133.827927 877.979731 209.254602 0 0 8 3.011065 2.597988 11.84035 5.205599 1.446788 31.192068 Outside Stopped s
166 Car: 559.117836 178.023213 587.582513 197.445499 0 0 16 1.451411 1.298694 4.043451 -2.841992 1.864917 56.313263 Outside Stopped s
166 Car: 512.025365 178.851872 545.53365 198.580511 0 0 17 1.5 1.440343 3.686161 -6.408384 1.983556 57.10043 Outside Stopped s
166 Car: 577.953666 176.725306 600.988176 194.635701 2 0 18 1.5 1.136561 3.459905 -1.767649 1.846554 62.502271 Outside Stopped s
166 Car: 534.568785 179.592639 562.541684 196.291794 2 0 19 1.402823 1.235784 3.79768 -5.356744 2.002085 63.11184 Outside Stopped s
168 Pedestrian: 300.949256 171.96824 338.615923 272.034783 0 0 3 1.719622 0.73588 0.555883 -5.195473 1.711286 12.82129 Inside Stopped s
168 Van: 0.0 168.617309 206.589089 310.393466 0 0 7 1.82574 1.708272 3.922096 -8.465196 1.796805 11.174524 Inside Stopped m
168 Truck: 565.453061 134.481966 851.045746 210.301135 0 0 8 3.011065 2.597988 11.84035 4.069139 1.465353 30.963154 Outside Stopped s
168 Car: 558.960995 178.022529 587.451161 197.463435 2 0 16 1.451411 1.298694 4.043451 -2.850586 1.864499 56.261331 Inside Stopped s
168 Car: 511.863129 178.852485 545.389596 198.590081 0 0 17 1.5 1.440343 3.686161 -6.417665 1.983395 57.075314 Outside Stopped s
168 Car: 577.967169 176.723883 600.999636 194.635513 2 0 18 1.5 1.136561 3.459905 -1.766455 1.846414 62.498155 Inside Stopped s
168 Car: 534.371766 179.595006 562.36468 196.303795 2 0 19 1.402823 1.235784 3.79768 -5.370107 2.001968 63.076813 Outside Stopped s
170 Pedestrian: 299.483392 172.089337 332.483394 272.162995 0 0 3 1.719622 0.73588 0.555883 -5.188616 1.713384 12.820477 Inside Stopped s
170 Van: 0.0 169.493932 109.486374 313.799425 0 1 7 1.82574 1.708272 3.922096 -8.642963 1.791143 8.99706 Inside Stopped m
170 Truck: 538.816039 134.833173 825.760151 211.433013 0 0 8 3.011065 2.597988 11.84035 2.994531 1.480783 30.649902 Outside Stopped s
170 Car: 558.947591 178.022706 587.438667 197.465326 2 0 16 1.451411 1.298694 4.043451 -2.851355 1.864479 56.256583 Inside Stopped s
170 Car: 511.851734 178.852525 545.379057 198.591485 0 0 17 1.5 1.440343 3.686161 -6.418099 1.983365 57.071471 Outside Stopped s
170 Car: 577.980674 176.72246 601.011097 194.635325 2 0 18 1.5 1.136561 3.459905 -1.76526 1.846273 62.494038 Inside Stopped s
170 Car: 534.337585 179.595318 562.331192 196.304696 2 0 19 1.402823 1.235784 3.79768 -5.372883 2.001975 63.074681 Inside Stopped s
172 Pedestrian: 301.184242 172.21045 338.517576 272.291223 0 0 3 1.719622 0.73588 0.555883 -5.181759 1.715482 12.819664 Inside Stopped s
172 Truck: 511.506698 134.217606 800.033536 212.60309 0 0 8 3.011065 2.597988 11.84035 1.919922 1.496213 30.336651 Outside Stopped s
172 Car: 558.934185 178.022884 587.42617 197.467217 2 0 16 1.451411 1.298694 4.043451 -2.852123 1.864459 56.251834 Inside Stopped s
172 Car: 511.840337 178.852565 545.368517 198.592889 1 0 17 1.5 1.440343 3.686161 -6.418533 1.983335 57.067628 Inside Stopped s
172 Car: 577.99418 176.721036 601.022559 194.635138 2 0 18 1.5 1.136561 3.459905 -1.764065 1.846133 62.489922 Inside Stopped s
172 Car: 534.303401 179.59563 562.297703 196.305597 2 0 19 1.402823 1.235784 3.79768 -5.375658 2.001982 63.072549 Inside Stopped s
174 Pedestrian: 300.469314 172.269508 338.13598 272.361248 0 0 3 1.719622 0.73588 0.555883 -5.182083 1.716506 12.818336 Inside Stopped s
174 Truck: 485.835506 133.622095 777.642563 214.350165 0 0 8 3.011065 2.597988 11.84035 0.970008 1.522326 29.863491 Outside Stopped s
174 Car: 558.920776 178.023061 587.413672 197.469109 2 0 16 1.451411 1.298694 4.043451 -2.852891 1.86444 56.247086 Inside Stopped s
174 Car: 511.828939 178.852604 545.357976 198.594294 2 0 17 1.5 1.440343 3.686161 -6.418967 1.983306 57.063785 Inside Stopped s
174 Car: 578.007689 176.719612 601.034023 194.63495 2 0 18 1.5 1.136561 3.459905 -1.76287 1.845993 62.485806 Inside Stopped s
174 Car: 534.269214 179.595942 562.264211 196.306498 2 0 19 1.402823 1.235784 3.79768 -5.378434 2.001989 63.070416 Inside Stopped s
176 Pedestrian: 302.838472 172.2665 335.838472 272.373059 0 0 3 1.719622 0.73588 0.555883 -5.189588 1.716455 12.816494 Inside Stopped s
176 Truck: 459.232359 133.004535 754.565342 216.183592 0 0 8 3.011065 2.597988 11.84035 0.020093 1.548439 29.390332 Outside Stopped s
176 Car: 558.907365 178.023239 587.401171 197.471001 2 0 16 1.451411 1.298694 4.043451 -2.85366 1.86442 56.242337 Inside Stopped s
176 Car: 511.81754 178.852644 545.347433 198.595699 2 0 17 1.5 1.440343 3.686161 -6.419401 1.983276 57.059941 Inside Stopped s
176 Car: 578.021199 176.718188 601.045488 194.634762 2 0 18 1.5 1.136561 3.459905 -1.761675 1.845852 62.48169 Inside Stopped s
176 Car: 534.235025 179.596254 562.230717 196.307399 2 0 19 1.402823 1.235784 3.79768 -5.381209 2.001996 63.068284 Inside Stopped s
178 Pedestrian: 301.374162 172.263491 334.374161 272.384874 0 0 3 1.719622 0.73588 0.555883 -5.197093 1.716405 12.814651 Inside Stopped s
178 Truck: 431.622397 132.366198 730.800073 218.107447 0 0 8 3.011065 2.597988 11.84035 -0.929822 1.574553 28.917173 Outside Stopped s
178 Car: 558.893952 178.023417 587.388669 197.472894 2 0 16 1.451411 1.298694 4.043451 -2.854428 1.864401 56.237589 Inside Stopped s
178 Car: 511.806138 178.852683 545.336888 198.597104 2 0 17 1.5 1.440343 3.686161 -6.419835 1.983246 57.056098 Inside Stopped s
178 Car: 578.034712 176.716763 601.056954 194.634574 2 0 18 1.5 1.136561 3.459905 -1.76048 1.845712 62.477573 Inside Stopped s
178 Car: 534.200834 179.596567 562.197221 196.3083 2 0 19 1.402823 1.235784 3.79768 -5.383984 2.002003 63.066152 Inside Stopped s
180 Pedestrian: 299.576387 172.260482 335.243054 272.396693 0 0 3 1.719622 0.73588 0.555883 -5.204598 1.716354 12.812809 Inside Stopped s
180 Truck: 402.586142 131.530486 707.074595 220.372895 0 0 8 3.011065 2.597988 11.84035 -1.860547 1.601467 28.333494 Inside Stopped m
180 Car: 558.880537 178.023594 587.376164 197.474787 2 0 16 1.451411 1.298694 4.043451 -2.855196 1.864381 56.23284 Inside Stopped s
180 Car: 511.794736 178.852723 545.326343 198.598509 2 0 17 1.5 1.440343 3.686161 -6.420269 1.983216 57.052255 Inside Stopped s
180 Car: 578.048226 176.715339 601.068422 194.634386 2 0 18 1.5 1.136561 3.459905 -1.759285 1.845572 62.473457 Inside Stopped s
180 Car: 534.166641 179.596879 562.163723 196.309202 2 0 19 1.402823 1.235784 3.79768 -5.38676 2.00201 63.064019 Inside Stopped s
182 Pedestrian: 302.445144 172.257471 336.111809 272.408515 0 0 3 1.719622 0.73588 0.555883 -5.212103 1.716303 12.810966 Inside Stopped s
182 Truck: 371.630649 130.468711 683.106348 223.044418 1 0 8 3.011065 2.597988 11.84035 -2.772083 1.629183 27.639296 Inside Stopped m
182 Car: 558.867119 178.023772 587.363657 197.47668 2 0 16 1.451411 1.298694 4.043451 -2.855965 1.864361 56.228092 Inside Stopped s
182 Car: 511.783332 178.852763 545.315796 198.599914 0 0 17 1.5 1.440343 3.686161 -6.420704 1.983186 57.048412 Inside Stopped s
182 Car: 578.061742 176.713914 601.079892 194.634198 2 0 18 1.5 1.136561 3.459905 -1.75809 1.845431 62.469341 Inside Stopped s
182 Car: 534.132445 179.597191 562.130222 196.310103 2 0 19 1.402823 1.235784 3.79768 -5.389535 2.002017 63.061887 Inside Stopped s
184 Pedestrian: 303.6471 172.254459 335.6471 272.42034 0 0 3 1.719622 0.73588 0.555883 -5.219608 1.716253 12.809124 Inside Stopped s
184 Truck: 338.781505 129.347418 658.038561 225.908719 1 0 8 3.011065 2.597988 11.84035 -3.68362 1.6569 26.945097 Inside Stopped m
184 Car: 558.853699 178.02395 587.351148 197.478573 2 0 16 1.451411 1.298694 4.043451 -2.856733 1.864342 56.223343 Inside Stopped s
184 Car: 511.771926 178.852802 545.305247 198.60132 2 0 17 1.5 1.440343 3.686161 -6.421138 1.983157 57.044568 Inside Stopped s
184 Car: 578.07526 176.712489 601.091362 194.63401 2 0 18 1.5 1.136561 3.459905 -1.756895 1.845291 62.465225 Inside Stopped s
184 Car: 534.098246 179.597503 562.09672 196.311004 2 0 19 1.402823 1.235784 3.79768 -5.39231 2.002024 63.059755 Inside Stopped s
186 Pedestrian: 298.182256 172.251447 336.182256 272.432169 0 0 3 1.719622 0.73588 0.555883 -5.227113 1.716202 12.807282 Inside Stopped s
186 Truck: 305.14388 126.819087 634.750706 228.82593 1 0 8 3.011065 2.597988 11.84035 -4.462171 1.661164 26.030064 Inside Stopped m
186 Car: 1191.372542 163.953843 1241.0 199.6014 1 1 9 1.477861 1.649657 4.68484 27.693731 1.097197 30.439507 Inside Stopped s
186 Car: 558.840276 178.024128 587.338637 197.480467 1 0 16 1.451411 1.298694 4.043451 -2.857502 1.864322 56.218595 Inside Stopped s
186 Car: 511.760518 178.852842 545.294697 198.602726 0 0 17 1.5 1.440343 3.686161 -6.421572 1.983127 57.040725 Inside Stopped s
186 Car: 578.088781 176.711064 601.102834 194.633823 2 0 18 1.5 1.136561 3.459905 -1.7557 1.845151 62.461109 Inside Stopped s
186 Car: 534.064045 179.597816 562.063215 196.311906 2 0 19 1.402823 1.235784 3.79768 -5.395086 2.002031 63.057622 Inside Stopped s
188 Pedestrian: 300.383944 172.248433 337.717279 272.444001 0 0 3 1.719622 0.73588 0.555883 -5.234618 1.716152 12.805439 Inside Stopped s
188 Truck: 268.647805 124.051612 609.884367 232.019975 1 0 8 3.011065 2.597988 11.84035 -5.240722 1.665428 25.115031 Inside Stopped m
188 Car: 1160.009085 164.088241 1241.0 199.825287 1 0 9 1.477861 1.649657 4.68484 26.543916 1.118062 30.746902 Inside Stopped s
188 Car: 558.826851 178.024306 587.326124 197.482361 2 0 16 1.451411 1.298694 4.043451 -2.85827 1.864303 56.213846 Inside Stopped s
188 Car: 511.74911 178.852881 545.284146 198.604132 2 0 17 1.5 1.440343 3.686161 -6.422006 1.983097 57.036882 Inside Stopped s
188 Car: 578.102303 176.709639 601.114308 194.633635 2 0 18 1.5 1.136561 3.459905 -1.754505 1.845011 62.456992 Inside Stopped s
188 Car: 534.029842 179.598128 562.029708 196.312807 2 0 19 1.402823 1.235784 3.79768 -5.397861 2.002038 63.05549 Inside Stopped s
190 Pedestrian: 300.252166 172.245419 336.252167 272.455837 0 0 3 1.719622 0.73588 0.555883 -5.242124 1.716101 12.803597 Inside Stopped s
190 Truck: 228.770548 121.010888 584.330312 236.040262 1 0 8 3.011065 2.597988 11.84035 -5.976831 1.675729 24.115636 Inside Stopped m
190 Car: 1129.239203 164.222652 1241.0 200.044715 1 0 9 1.477861 1.649657 4.68484 25.3941 1.138928 31.054296 Inside Stopped m
190 Car: 558.813424 178.024483 587.313609 197.484256 1 0 16 1.451411 1.298694 4.043451 -2.859038 1.864283 56.209098 Inside Stopped s
190 Car: 511.737699 178.852921 545.273593 198.605538 2 0 17 1.5 1.440343 3.686161 -6.42244 1.983067 57.033039 Inside Stopped s
190 Car: 578.115827 176.708214 601.125782 194.633447 2 0 18 1.5 1.136561 3.459905 -1.75331 1.84487 62.452876 Outside Stopped s
190 Car: 533.995637 179.59844 561.996198 196.313709 2 0 19 1.402823 1.235784 3.79768 -5.400636 2.002045 63.053358 Inside Stopped s
192 Pedestrian: 300.169711 171.99961 338.169712 272.484295 0 0 3 1.719622 0.73588 0.555883 -5.247168 1.711891 12.768924 Inside Stopped s
192 Truck: 184.372654 117.615687 557.776506 241.096306 1 0 8 3.011065 2.597988 11.84035 -6.670497 1.692069 23.031881 Inside Stopped m
192 Car: 1103.300904 164.356069 1241.0 200.267514 1 0 9 1.477861 1.649657 4.68484 24.394787 1.157755 31.299256 Inside Stopped m
192 Car: 558.799995 178.024661 587.301092 197.48615 0 0 16 1.451411 1.298694 4.043451 -2.859807 1.864263 56.204349 Outside Stopped s
192 Car: 511.726287 178.852961 545.263039 198.606944 2 0 17 1.5 1.440343 3.686161 -6.422874 1.983038 57.029196 Inside Stopped s
192 Car: 578.094999 176.707705 601.10492 194.633952 2 0 18 1.5 1.136561 3.459905 -1.75502 1.844811 62.449493 Outside Stopped s
192 Car: 533.961429 179.598753 561.962687 196.314611 2 0 19 1.402823 1.235784 3.79768 -5.403412 2.002052 63.051225 Inside Stopped s
194 Pedestrian: 294.911367 171.206294 334.244701 271.963537 0 0 3 1.719622 0.73588 0.555883 -5.252311 1.698291 12.73435 Inside Stopped s
194 Truck: 134.375577 113.79641 528.979242 246.827791 1 0 8 3.011065 2.597988 11.84035 -7.364164 1.708409 21.948126 Inside Stopped m
194 Car: 1081.938703 164.7123 1224.85222 200.494938 1 0 9 1.477861 1.649657 4.68484 23.545977 1.174544 31.481781 Outside Stopped m
194 Car: 558.835294 178.02262 587.329066 197.482996 0 0 16 1.451411 1.298694 4.043451 -2.857512 1.864135 56.207553 Outside Stopped s
194 Car: 511.714874 178.853 545.252483 198.608351 2 0 17 1.5 1.440343 3.686161 -6.423308 1.983008 57.025352 Inside Stopped s
194 Car: 578.039813 176.708114 601.051717 194.63515 2 0 18 1.5 1.136561 3.459905 -1.759635 1.844832 62.446843 Outside Stopped s
194 Car: 533.927218 179.599065 561.929174 196.315513 2 0 19 1.402823 1.235784 3.79768 -5.406187 2.002059 63.049093 Outside Stopped s
196 Pedestrian: 297.154724 171.659478 335.821391 272.698214 0 0 3 1.719622 0.73588 0.555883 -5.257228 1.70614 12.699551 Inside Stopped s
196 Truck: 76.687638 108.202523 499.817124 254.070786 1 0 8 3.011065 2.597988 11.84035 -7.937297 1.716766 20.667362 Inside Stopped m
196 Car: 1060.81216 165.161274 1200.915647 200.719724 1 0 9 1.477861 1.649657 4.68484 22.697167 1.191333 31.664306 Outside Stopped m
196 Car: 558.87059 178.020579 587.357037 197.479843 0 0 16 1.451411 1.298694 4.043451 -2.855217 1.864006 56.210757 Outside Stopped s
196 Car: 511.703458 178.85304 545.241927 198.609758 0 0 17 1.5 1.440343 3.686161 -6.423743 1.982978 57.021509 Outside Stopped s
196 Car: 577.984623 176.708522 600.99851 194.636349 2 0 18 1.5 1.136561 3.459905 -1.76425 1.844853 62.444193 Outside Stopped s
196 Car: 533.893006 179.599377 561.895658 196.316414 1 0 19 1.402823 1.235784 3.79768 -5.408963 2.002066 63.04696 Outside Stopped s
198 Pedestrian: 304.391061 171.943788 336.724394 273.26445 0 0 3 1.719622 0.73588 0.555883 -5.262176 1.711058 12.664783 Inside Stopped s
198 Truck: 10.365509 102.368846 469.7761 263.508714 1 0 8 3.011065 2.597988 11.84035 -8.451881 1.739743 19.370197 Inside Stopped m
198 Car: 1043.096411 165.523767 1180.832759 200.887588 1 0 9 1.477861 1.649657 4.68484 21.982074 1.204913 31.825543 Outside Stopped m
198 Car: 558.905882 178.018539 587.385004 197.47669 0 0 16 1.451411 1.298694 4.043451 -2.852922 1.863878 56.21396 Outside Stopped s
198 Car: 511.692042 178.85308 545.231368 198.611165 2 0 17 1.5 1.440343 3.686161 -6.424177 1.982948 57.017666 Outside Stopped s
198 Car: 577.929428 176.708931 600.945298 194.637548 2 0 18 1.5 1.136561 3.459905 -1.768865 1.844874 62.441543 Outside Stopped s
198 Car: 533.857257 179.599675 561.861492 196.317598 2 0 19 1.402823 1.235784 3.79768 -5.411739 2.002062 63.04374 Outside Stopped s
200 Pedestrian: 298.454865 172.256256 330.454864 273.860445 0 0 3 1.719622 0.73588 0.555883 -5.267119 1.716428 12.63001 Inside Stopped s
200 Truck: 0.0 96.208404 438.717828 275.901706 1 0 8 3.011065 2.597988 11.84035 -8.907918 1.777342 18.056631 Inside Stopped m
200 Car: 1028.708181 165.801906 1164.500588 200.999733 1 0 9 1.477861 1.649657 4.68484 21.4007 1.215284 31.965494 Outside Stopped m
200 Car: 558.94117 178.016498 587.412968 197.473537 0 0 16 1.451411 1.298694 4.043451 -2.850627 1.863749 56.217164 Outside Stopped s
200 Car: 511.680623 178.853119 545.220808 198.612572 0 0 17 1.5 1.440343 3.686161 -6.424611 1.982918 57.013823 Outside Stopped s
200 Car: 577.874227 176.709339 600.892082 194.638747 2 0 18 1.5 1.136561 3.459905 -1.77348 1.844895 62.438893 Outside Stopped s
200 Car: 533.81997 179.599957 561.826675 196.319064 2 0 19 1.402823 1.235784 3.79768 -5.414518 2.002046 63.039433 Outside Stopped s
202 Pedestrian: 294.006382 171.544176 326.756381 273.427779 0 0 3 1.719622 0.73588 0.555883 -5.272247 1.704352 12.59542 Inside Stopped s
202 Truck: 0.0 90.856497 407.302779 283.417351 1 0 8 3.011065 2.597988 11.84035 -9.228957 1.779037 16.624799 Inside Stopped m
202 Car: 1014.440062 166.07751 1148.317309 201.110895 1 0 9 1.477861 1.649657 4.68484 20.819326 1.225656 32.105444 Outside Stopped s
202 Car: 558.976454 178.014458 587.440929 197.470384 0 0 16 1.451411 1.298694 4.043451 -2.848332 1.863621 56.220367 Outside Stopped s
202 Car: 511.669204 178.853159 545.210247 198.613979 1 0 17 1.5 1.440343 3.686161 -6.425045 1.982889 57.009979 Outside Stopped s
202 Car: 577.819023 176.709748 600.838862 194.639946 2 0 18 1.5 1.136561 3.459905 -1.778095 1.844916 62.436243 Outside Stopped s
202 Car: 533.782678 179.600239 561.791854 196.320529 2 0 19 1.402823 1.235784 3.79768 -5.417296 2.00203 63.035125 Outside Stopped s
204 Pedestrian: 293.854498 171.630563 327.187832 273.528877 0 0 3 1.719622 0.73588 0.555883 -5.273911 1.705824 12.593044 Inside Stopped s
204 Truck: 0.0 88.569115 371.442171 287.490799 1 1 8 3.011065 2.597988 11.84035 -9.549995 1.780732 15.192967 Inside Stopped m
204 Car: 1006.898216 166.042834 1139.901656 201.031199 1 0 9 1.477861 1.649657 4.68484 20.496126 1.223597 32.152242 Outside Stopped s
204 Car: 559.011734 178.012418 587.468886 197.467232 0 0 16 1.451411 1.298694 4.043451 -2.846037 1.863492 56.223571 Outside Stopped s
204 Car: 511.787316 178.849496 545.316387 198.60869 0 0 17 1.5 1.440343 3.686161 -6.416636 1.982622 57.013909 Outside Stopped s
204 Car: 577.691268 176.711076 600.714394 194.641401 2 0 18 1.5 1.136561 3.459905 -1.788994 1.845027 62.435865 Outside Stopped s
204 Car: 533.654725 179.601538 561.667713 196.322077 2 0 19 1.402823 1.235784 3.79768 -5.428243 2.002139 63.034424 Outside Stopped s
206 Pedestrian: 292.369244 171.717001 326.035911 273.62997 0 0 3 1.719622 0.73588 0.555883 -5.275575 1.707296 12.590669 Inside Stopped s
206 Truck: 0.0 88.044926 336.975982 292.000881 1 1 8 3.011065 2.597988 11.84035 -9.760293 1.79602 13.677829 Inside Stopped m
206 Car: 999.374174 166.008321 1131.515503 200.95165 1 0 9 1.477861 1.649657 4.68484 20.172926 1.221538 32.199041 Outside Stopped m
206 Car: 559.04701 178.010379 587.496841 197.464081 0 0 16 1.451411 1.298694 4.043451 -2.843742 1.863364 56.226775 Outside Stopped s
206 Car: 511.905412 178.845833 545.422512 198.603401 0 0 17 1.5 1.440343 3.686161 -6.408228 1.982355 57.017839 Outside Stopped s
206 Car: 577.563512 176.712404 600.589924 194.642856 2 0 18 1.5 1.136561 3.459905 -1.799893 1.845138 62.435487 Outside Stopped s
206 Car: 533.526769 179.602837 561.54357 196.323625 2 0 19 1.402823 1.235784 3.79768 -5.43919 2.002247 63.033724 Outside Stopped s
208 Pedestrian: 293.217288 171.80349 323.217287 273.731058 0 0 3 1.719622 0.73588 0.555883 -5.277239 1.708768 12.588294 Inside Stopped s
208 Truck: 0.0 88.589241 296.702068 295.529096 1 1 8 3.011065 2.597988 11.84035 -9.970591 1.811308 12.16269 Inside Stopped m
208 Car: 991.867855 165.973968 1123.158716 200.872248 1 0 9 1.477861 1.649657 4.68484 19.849726 1.219479 32.245839 Outside Stopped s
208 Car: 559.082282 178.008339 587.524792 197.460929 0 0 16 1.451411 1.298694 4.043451 -2.841447 1.863235 56.229978 Outside Stopped s
208 Car: 512.023493 178.84217 545.528622 198.598112 0 0 17 1.5 1.440343 3.686161 -6.399819 1.982088 57.021768 Outside Stopped s
208 Car: 577.435753 176.713732 600.465453 194.644312 2 0 18 1.5 1.136561 3.459905 -1.810792 1.845249 62.435109 Outside Stopped s
208 Car: 533.39881 179.604136 561.419424 196.325174 2 0 19 1.402823 1.235784 3.79768 -5.450137 2.002355 63.033023 Outside Stopped s
210 Pedestrian: 289.39863 171.89003 325.065296 273.832142 0 0 3 1.719622 0.73588 0.555883 -5.278903 1.71024 12.585918 Inside Stopped s
210 Truck: 0.0 88.677212 254.439457 297.906328 0 1 8 3.011065 2.597988 11.84035 -10.096895 1.813319 10.613528 Inside Stopped m
210 Car: 988.459214 166.315526 1119.288182 201.161516 1 0 9 1.477861 1.649657 4.68484 19.714274 1.23359 32.287764 Outside Stopped s
210 Car: 559.11755 178.0063 587.55274 197.457778 0 0 16 1.451411 1.298694 4.043451 -2.839152 1.863107 56.233182 Outside Stopped s
210 Car: 512.141556 178.838508 545.634718 198.592825 0 0 17 1.5 1.440343 3.686161 -6.39141 1.981821 57.025698 Outside Stopped s
210 Car: 577.307993 176.71506 600.340981 194.645767 2 0 18 1.5 1.136561 3.459905 -1.821691 1.845361 62.434731 Outside Stopped s
210 Car: 533.270847 179.605435 561.295276 196.326722 2 0 19 1.402823 1.235784 3.79768 -5.461084 2.002464 63.032322 Outside Stopped s
212 Pedestrian: 290.746602 171.97662 330.079937 273.933222 0 0 3 1.719622 0.73588 0.555883 -5.280567 1.711712 12.583543 Inside Stopped s
212 Truck: 0.0 89.733726 203.480012 299.214208 0 1 8 3.011065 2.597988 11.84035 -10.223198 1.815331 9.064366 Inside Stopped m
212 Car: 985.058501 166.655947 1115.428895 201.450243 1 0 9 1.477861 1.649657 4.68484 19.578822 1.247702 32.32969 Outside Stopped s
212 Car: 559.152814 178.004261 587.580684 197.454627 0 0 16 1.451411 1.298694 4.043451 -2.836857 1.862978 56.236385 Outside Stopped s
212 Car: 512.259604 178.834847 545.740799 198.587538 0 0 17 1.5 1.440343 3.686161 -6.383002 1.981554 57.029628 Outside Stopped s
212 Car: 577.180231 176.716388 600.216508 194.647223 2 0 18 1.5 1.136561 3.459905 -1.83259 1.845472 62.434354 Outside Stopped s
212 Car: 533.142881 179.606734 561.171126 196.32827 2 0 19 1.402823 1.235784 3.79768 -5.472032 2.002572 63.031621 Outside Stopped s
214 Pedestrian: 288.261206 172.063261 329.927873 274.034297 0 0 3 1.719622 0.73588 0.555883 -5.282231 1.713184 12.581167 Inside Stopped s
214 Truck: 0.0 91.269868 145.506316 301.265425 0 1 8 3.011065 2.597988 11.84035 -10.28317 1.824431 7.440009 Inside Stopped m
214 Car: 981.665683 166.995238 1111.580813 201.738429 1 0 9 1.477861 1.649657 4.68484 19.44337 1.261813 32.371616 Outside Stopped s
214 Car: 559.188074 178.002222 587.608626 197.451477 0 0 16 1.451411 1.298694 4.043451 -2.834562 1.86285 56.239589 Outside Stopped s
214 Car: 512.377636 178.831186 545.846865 198.582252 0 0 17 1.5 1.440343 3.686161 -6.374593 1.981288 57.033558 Outside Stopped s
214 Car: 577.052468 176.717716 600.092033 194.648678 2 0 18 1.5 1.136561 3.459905 -1.843489 1.845583 62.433976 Outside Stopped s
214 Car: 533.014912 179.608033 561.046973 196.329818 2 0 19 1.402823 1.235784 3.79768 -5.482979 2.00268 63.030921 Outside Stopped s
216 Pedestrian: 291.109107 172.149953 328.442441 274.135368 0 0 3 1.719622 0.73588 0.555883 -5.283895 1.714656 12.578792 Inside Stopped s
216 Truck: 0.0 93.112223 71.590359 302.964528 0 1 8 3.011065 2.597988 11.84035 -10.343142 1.833531 5.815652 Inside Stopped m
216 Car: 979.862919 167.134009 1109.532106 201.850172 1 0 9 1.477861 1.649657 4.68484 19.371794 1.267537 32.395032 Outside Stopped s
216 Car: 559.22333 178.000184 587.636564 197.448327 0 0 16 1.451411 1.298694 4.043451 -2.832267 1.862721 56.242793 Outside Stopped s
216 Car: 512.495651 178.827525 545.952916 198.576966 0 0 17 1.5 1.440343 3.686161 -6.366184 1.981021 57.037487 Outside Stopped s
216 Car: 576.924702 176.719044 599.967558 194.650134 2 0 18 1.5 1.136561 3.459905 -1.854388 1.845694 62.433598 Outside Stopped s
216 Car: 532.88694 179.609333 560.922817 196.331367 2 0 19 1.402823 1.235784 3.79768 -5.493926 2.002789 63.03022 Outside Stopped s
218 Pedestrian: 289.290306 172.236695 324.956971 274.236434 0 0 3 1.719622 0.73588 0.555883 -5.285559 1.716128 12.576416 Inside Stopped s
218 Car: 979.644355 167.073122 1109.274461 201.785891 1 0 9 1.477861 1.649657 4.68484 19.364093 1.264874 32.399938 Outside Stopped s
218 Car: 559.206236 177.999494 587.704218 197.449311 0 0 16 1.451411 1.298694 4.043451 -2.829905 1.862586 56.236436 Outside Stopped s
218 Car: 512.516488 178.82597 545.970718 198.575529 1 0 17 1.5 1.440343 3.686161 -6.364591 1.980888 57.036882 Outside Stopped s
218 Car: 576.827741 176.719893 599.874161 194.651784 2 0 18 1.5 1.136561 3.459905 -1.862542 1.845752 62.430915 Outside Stopped s
218 Car: 532.78817 179.610274 560.82827 196.333143 2 0 19 1.402823 1.235784 3.79768 -5.502112 2.002845 63.027314 Outside Stopped s
220 Pedestrian: 288.804802 172.323489 326.138136 274.337495 0 0 3 1.719622 0.73588 0.555883 -5.287223 1.7176 12.574041 Inside Stopped s
220 Car: 979.425855 167.012254 1109.016896 201.721629 1 0 9 1.477861 1.649657 4.68484 19.356392 1.262211 32.404844 Outside Stopped s
220 Car: 559.136921 178.000153 587.811511 197.454423 0 0 16 1.451411 1.298694 4.043451 -2.827474 1.862444 56.220519 Outside Stopped s
220 Car: 512.440148 178.826519 545.900271 198.577939 1 0 17 1.5 1.440343 3.686161 -6.369814 1.980889 57.031741 Outside Stopped s
220 Car: 576.761579 176.720263 599.811838 194.653631 2 0 18 1.5 1.136561 3.459905 -1.86795 1.845757 62.425927 Outside Stopped s
220 Car: 532.718597 179.610858 560.763324 196.335148 2 0 19 1.402823 1.235784 3.79768 -5.507537 2.002849 63.022202 Outside Stopped s
222 Pedestrian: 291.985929 172.410332 330.98593 274.438552 0 0 3 1.719622 0.73588 0.555883 -5.288887 1.719072 12.571666 Inside Stopped s
222 Car: 979.207418 166.951406 1108.759414 201.657387 1 0 9 1.477861 1.649657 4.68484 19.348691 1.259547 32.40975 Outside Stopped s
222 Car: 559.067777 178.000814 587.9187 197.459528 0 0 16 1.451411 1.298694 4.043451 -2.825043 1.862302 56.204601 Outside Stopped s
222 Car: 512.363794 178.827068 545.829811 198.580349 0 0 17 1.5 1.440343 3.686161 -6.375036 1.980891 57.0266 Outside Stopped s
222 Car: 576.695406 176.720633 599.749505 194.655477 2 0 18 1.5 1.136561 3.459905 -1.873357 1.845762 62.420939 Outside Stopped s
222 Car: 532.649012 179.611442 560.698367 196.337152 2 0 19 1.402823 1.235784 3.79768 -5.512962 2.002852 63.017091 Outside Stopped s
224 Pedestrian: 290.833687 172.497227 330.833687 274.539604 0 0 3 1.719622 0.73588 0.555883 -5.290551 1.720544 12.56929 Inside Stopped s
224 Car: 978.989045 166.890576 1108.502012 201.593165 1 0 9 1.477861 1.649657 4.68484 19.34099 1.256884 32.414655 Outside Stopped s
224 Car: 558.998806 178.001478 588.025783 197.464625 0 0 16 1.451411 1.298694 4.043451 -2.822613 1.86216 56.188684 Outside Stopped s
224 Car: 512.287426 178.827617 545.75934 198.58276 0 0 17 1.5 1.440343 3.686161 -6.380259 1.980892 57.021459 Outside Stopped s
224 Car: 576.629221 176.721003 599.687163 194.657324 2 0 18 1.5 1.136561 3.459905 -1.878765 1.845767 62.415951 Outside Stopped s
224 Car: 532.579416 179.612026 560.633401 196.339158 2 0 19 1.402823 1.235784 3.79768 -5.518387 2.002856 63.011979 Outside Stopped s
226 Pedestrian: 288.848076 172.584172 328.181411 274.640652 0 0 3 1.719622 0.73588 0.555883 -5.292215 1.722016 12.566915 Inside Stopped s
226 Car: 978.770735 166.829766 1108.244692 201.528962 1 0 9 1.477861 1.649657 4.68484 19.333289 1.25422 32.419561 Outside Stopped s
226 Car: 558.930009 178.002143 588.132759 197.469715 0 0 16 1.451411 1.298694 4.043451 -2.820182 1.862018 56.172767 Outside Stopped s
226 Car: 512.211043 178.828167 545.688856 198.585172 0 0 17 1.5 1.440343 3.686161 -6.385481 1.980894 57.016319 Outside Stopped s
226 Car: 576.563026 176.721374 599.624811 194.659171 2 0 18 1.5 1.136561 3.459905 -1.884173 1.845772 62.410963 Outside Stopped s
226 Car: 532.509808 179.612611 560.568424 196.341163 2 0 19 1.402823 1.235784 3.79768 -5.523812 2.00286 63.006868 Outside Stopped s
228 Pedestrian: 289.36243 172.671167 327.36243 274.741694 0 0 3 1.719622 0.73588 0.555883 -5.293879 1.723488 12.564539 Inside Stopped s
228 Car: 978.552489 166.768975 1107.987453 201.464779 1 0 9 1.477861 1.649657 4.68484 19.325589 1.251557 32.424467 Outside Stopped s
228 Car: 558.861387 178.002811 588.239628 197.474797 0 0 16 1.451411 1.298694 4.043451 -2.817752 1.861876 56.15685 Outside Stopped s
228 Car: 512.134647 178.828716 545.61836 198.587583 0 0 17 1.5 1.440343 3.686161 -6.390704 1.980895 57.011178 Outside Stopped s
228 Car: 576.49682 176.721744 599.562449 194.661019 2 0 18 1.5 1.136561 3.459905 -1.889581 1.845777 62.405975 Outside Stopped s
228 Car: 532.440188 179.613195 560.503437 196.343169 2 0 19 1.402823 1.235784 3.79768 -5.529237 2.002864 63.001756 Outside Stopped s
230 Pedestrian: 287.21008 172.758213 330.876747 274.842732 0 0 3 1.719622 0.73588 0.555883 -5.295543 1.72496 12.562164 Inside Stopped s
230 Car: 978.334306 166.708203 1107.730295 201.400616 1 0 9 1.477861 1.649657 4.68484 19.317888 1.248893 32.429373 Outside Stopped s
230 Car: 558.792942 178.00348 588.346388 197.479872 0 0 16 1.451411 1.298694 4.043451 -2.815321 1.861734 56.140933 Outside Stopped s
230 Car: 512.058236 178.829266 545.547852 198.589996 0 0 17 1.5 1.440343 3.686161 -6.395926 1.980897 57.006037 Outside Stopped s
230 Car: 576.430604 176.722115 599.500078 194.662866 2 0 18 1.5 1.136561 3.459905 -1.894989 1.845782 62.400987 Outside Stopped s
230 Car: 532.370556 179.61378 560.43844 196.345175 1 0 19 1.402823 1.235784 3.79768 -5.534662 2.002868 62.996645 Outside Stopped s
