4 Car: 590.551566 179.59829 668.128116 241.253932 0 0 0 1.609268 1.664986 3.204451 0.438793 1.816374 20.740305 Inside Regular m
4 Car: 295.263024 184.001677 355.781785 219.305217 0 0 1 1.502824 1.498215 3.098828 -12.943044 2.027421 32.899856 Outside Regular m
4 Car: 375.930716 184.024332 435.946033 220.973666 0 0 2 1.502447 1.674348 4.069765 -9.034263 2.018518 32.122534 Outside Regular m
6 Car: 586.634547 180.74195 662.421297 241.971416 0 0 0 1.609268 1.664986 3.204451 0.304653 1.848337 20.874345 Inside Regular m
6 Car: 253.746444 184.532341 327.942496 225.68311 0 0 1 1.502824 1.498215 3.098828 -12.558254 1.981334 28.479918 Inside Regular m
6 Car: 332.054283 185.254531 411.353682 231.079698 0 0 2 1.502447 1.674348 4.069765 -8.648719 1.97884 26.410437 Inside Regular m
8 Car: 582.767741 181.815429 656.787271 242.678448 0 0 0 1.609268 1.664986 3.204451 0.170513 1.8803 21.008384 Inside Regular m
8 Car: 194.474571 187.896426 286.979901 237.702601 1 0 1 1.502824 1.498215 3.098828 -12.235837 2.028111 24.018225 Inside Regular m
8 Car: 255.347449 188.668539 370.231937 249.542948 0 0 2 1.502447 1.674348 4.069765 -8.373125 1.986825 20.616541 Inside Regular m
10 Car: 578.549047 180.786186 650.766891 241.1527 0 0 0 1.609268 1.664986 3.204451 0.023833 1.852264 21.141367 Inside Regular m
10 Car: 96.344238 187.493342 222.948566 249.896743 2 0 1 1.502824 1.498215 3.098828 -12.060004 1.92139 19.464925 Inside Regular m
10 Car: 108.118112 189.986466 299.216613 277.969024 0 0 2 1.502447 1.674348 4.069765 -8.196765 1.893819 14.945937 Inside Regular m
12 Car: 573.631603 179.57094 644.100436 239.598747 0 0 0 1.609268 1.664986 3.204451 -0.144561 1.819969 21.242881 Inside Regular m
12 Car: 0.0 188.518929 124.685976 271.41405 3 2 1 1.502824 1.498215 3.098828 -11.912271 1.853589 14.95836 Inside Regular m
12 Car: 0.0 192.751056 146.770647 323.247187 0 1 2 1.502447 1.674348 4.069765 -8.12967 1.801352 9.228525 Inside Regular m
