4 Car: 0.0 189.068685 314.454345 341.820162 0 0 0 1.416544 1.474971 3.5201 -5.637172 1.64172 8.684239 Inside Stopped m
4 Car: 1216.377793 178.844886 1241.0 222.455162 0 1 1 1.620588 1.715879 4.352635 25.307314 1.83267 26.6877 Outside Stopped s
6 Car: 0.0 192.929778 162.259517 346.552173 0 1 0 1.416544 1.474971 3.5201 -6.573138 1.646288 6.915062 Inside Stopped m
6 Car: 1143.113112 177.315573 1241.0 220.746381 1 0 1 1.620588 1.715879 4.352635 23.542175 1.807221 28.169402 Outside Stopped s
8 Car: 1076.795708 176.87171 1212.834693 219.42007 1 0 1 1.620588 1.715879 4.352635 21.872664 1.813028 29.641924 Outside Stopped m
10 Car: 1017.014235 176.53113 1144.238677 216.930101 1 0 1 1.620588 1.715879 4.352635 20.213983 1.807155 31.144455 Outside Stopped s
12 Car: 962.794664 177.120058 1081.11907 215.406173 1 0 1 1.620588 1.715879 4.352635 18.638169 1.84185 32.823963 Outside Stopped m
14 Car: 916.621057 175.926363 1026.567307 212.234102 2 0 1 1.620588 1.715879 4.352635 17.187571 1.796309 34.501141 Outside Stopped m
16 Car: 875.486875 175.332773 977.154046 209.803253 1 0 1 1.620588 1.715879 4.352635 15.79746 1.775014 36.272872 Outside Stopped m
18 Car: 838.645736 174.783312 931.904483 207.47073 1 0 1 1.620588 1.715879 4.352635 14.459939 1.753502 38.176034 Outside Stopped s
20 Car: 809.039417 174.285676 894.571851 205.404909 1 0 1 1.620588 1.715879 4.352635 13.310809 1.731848 40.028767 Outside Stopped m
22 Car: 782.12421 174.038126 860.47272 203.666103 1 0 1 1.620588 1.715879 4.352635 12.187659 1.721824 41.962346 Outside Stopped m
24 Car: 757.576682 174.008959 829.513836 202.222666 0 0 1 1.620588 1.715879 4.352635 11.09049 1.72343 43.976769 Outside Stopped m
26 Car: 737.571583 173.979259 803.636524 200.84245 0 0 1 1.620588 1.715879 4.352635 10.168588 1.724979 46.096305 Outside Stopped m
28 Car: 720.613534 173.95264 780.428876 199.57819 0 0 1 1.620588 1.715879 4.352635 9.309125 1.726534 48.250877 Outside Stopped m
30 Car: 706.920171 173.928867 759.863632 198.385555 0 0 1 1.620588 1.715879 4.352635 8.551539 1.728067 50.493052 Outside Stopped m
32 Car: 695.608529 173.843684 742.618573 197.174224 0 0 1 1.620588 1.715879 4.352635 7.913545 1.725198 52.844942 Outside Stopped m
34 Car: 685.928284 173.705548 728.065753 195.980143 0 0 1 1.620588 1.715879 4.352635 7.355706 1.717957 55.25398 Outside Stopped m
36 Car: 678.192323 173.579141 715.873131 194.885455 0 0 1 1.620588 1.715879 4.352635 6.889876 1.710664 57.670664 Outside Stopped s
36 Car: 1135.640577 209.868585 1241.0 374.0 0 2 2 1.416789 1.448982 3.201869 3.908824 1.62667 2.811056 Inside Stopped m
38 Car: 672.16766 173.463101 705.762597 193.878293 0 0 1 1.620588 1.715879 4.352635 6.516055 1.703319 60.094994 Outside Stopped m
38 Car: 1009.98496 200.481567 1241.0 374.0 0 1 2 1.416789 1.448982 3.201869 3.882191 1.62869 4.14732 Inside Stopped m
40 Car: 666.46581 173.34909 697.669169 192.905123 0 0 1 1.620588 1.715879 4.352635 6.199829 1.69575 62.635733 Outside Stopped m
40 Car: 917.279189 194.650221 1241.0 374.0 0 1 2 1.416789 1.448982 3.201869 3.855584 1.63017 5.74221 Inside Stopped m
42 Car: 661.932189 173.284196 690.535057 192.012076 0 0 1 1.620588 1.715879 4.352635 5.943409 1.691654 65.307598 Outside Stopped m
42 Car: 857.767978 190.798486 1184.932361 374.0 0 0 2 1.416789 1.448982 3.201869 3.809738 1.631758 7.388839 Inside Stopped m
42 Car: 1177.798576 189.16497 1241.0 319.286946 0 2 7 1.432353 1.477831 3.251003 7.730744 1.617501 7.275584 Inside Stopped m
44 Car: 658.467016 173.26308 684.275742 191.19466 0 0 1 1.620588 1.715879 4.352635 5.746792 1.691031 68.110591 Outside Stopped m
44 Car: 816.211632 188.111099 1051.659218 330.331451 0 0 2 1.416789 1.448982 3.201869 3.760373 1.633316 9.049554 Inside Stopped m
44 Car: 1094.205402 186.334631 1241.0 318.236877 0 1 7 1.432353 1.477831 3.251003 7.698462 1.617878 8.772272 Inside Stopped m
46 Car: 655.282087 173.24399 678.507909 190.444033 0 0 1 1.620588 1.715879 4.352635 5.550176 1.690409 70.913583 Outside Stopped m
46 Car: 785.481331 186.12863 965.963412 301.469041 0 0 2 1.416789 1.448982 3.201869 3.707488 1.634842 10.724357 Inside Stopped m
46 Car: 1027.950653 184.562764 1241.0 305.733546 0 0 7 1.432353 1.477831 3.251003 7.670593 1.618063 10.364043 Inside Stopped m
48 Car: 762.419363 185.222318 908.075306 282.050668 0 0 2 1.416789 1.448982 3.201869 3.680255 1.648676 12.438446 Inside Stopped m
48 Car: 973.548508 183.112387 1191.753539 283.625184 0 0 7 1.432353 1.477831 3.251003 7.6511 1.618735 12.112705 Inside Stopped m
50 Car: 741.969118 183.190512 861.270578 265.089916 0 0 2 1.416789 1.448982 3.201869 3.633766 1.636167 14.333233 Inside Stopped m
50 Car: 930.965384 181.976602 1104.684101 267.352175 0 0 7 1.432353 1.477831 3.251003 7.635573 1.620088 13.923176 Inside Stopped m
52 Car: 726.066192 183.146603 826.413522 254.123195 0 0 2 1.416789 1.448982 3.201869 3.602378 1.663071 16.290115 Inside Stopped m
52 Car: 895.178893 181.04784 1037.740724 254.943127 0 0 7 1.432353 1.477831 3.251003 7.603343 1.621274 15.792255 Inside Stopped m
54 Car: 710.967209 181.637267 796.170799 243.387409 0 0 2 1.416789 1.448982 3.201869 3.529072 1.651275 18.404581 Inside Stopped m
54 Car: 866.152061 180.262409 986.704731 245.388847 0 0 7 1.432353 1.477831 3.251003 7.577455 1.622473 17.672426 Inside Stopped m
54 Car: 1158.39418 188.871596 1241.0 320.844071 0 1 8 1.439736 1.558252 3.957146 7.744805 1.625672 7.181305 Inside Stopped m
56 Car: 699.147562 180.354472 772.891123 234.830143 0 0 2 1.416789 1.448982 3.201869 3.476058 1.639345 20.584967 Inside Stopped m
56 Car: 1084.649085 225.806663 1241.0 374.0 0 1 3 1.377451 1.491847 3.318948 3.34798 1.653363 2.301272 Inside Stopped s
56 Car: 839.967424 179.51676 944.081699 237.758245 0 0 7 1.432353 1.477831 3.251003 7.498362 1.623599 19.575397 Inside Stopped m
56 Car: 1078.49849 185.484398 1241.0 318.508825 0 1 8 1.439736 1.558252 3.957146 7.700758 1.613702 8.66491 Outside Stopped s
58 Car: 689.181331 179.545747 753.339995 228.145867 0 0 2 1.416789 1.448982 3.201869 3.41999 1.639248 22.876167 Inside Stopped m
58 Car: 966.249677 211.936683 1241.0 374.0 0 1 3 1.377451 1.491847 3.318948 3.308694 1.651552 3.54966 Inside Stopped m
58 Car: 819.248328 178.892433 910.056954 231.202896 0 0 7 1.432353 1.477831 3.251003 7.491003 1.625195 21.613042 Inside Stopped m
58 Car: 1018.005852 185.454368 1241.0 315.433634 1 0 8 1.439736 1.558252 3.957146 7.665262 1.640665 10.220039 Inside Stopped m
60 Car: 680.771103 178.874879 737.246633 222.614105 0 0 2 1.416789 1.448982 3.201869 3.365199 1.639109 25.237095 Inside Stopped m
60 Car: 888.355178 203.706428 1241.0 374.0 0 1 3 1.377451 1.491847 3.318948 3.272941 1.649544 4.900174 Inside Stopped m
60 Car: 800.193451 178.405821 880.073455 225.849096 0 0 7 1.432353 1.477831 3.251003 7.423743 1.627514 23.663323 Inside Stopped m
60 Car: 965.50457 181.759144 1230.892289 287.863705 2 0 8 1.439736 1.558252 3.957146 7.690995 1.59867 11.951919 Inside Stopped m
62 Car: 672.91199 178.45864 723.226825 217.993056 0 0 2 1.416789 1.448982 3.201869 3.297617 1.645018 27.750662 Inside Stopped m
62 Car: 833.285722 197.939717 1235.715468 374.0 0 0 3 1.377451 1.491847 3.318948 3.24072 1.647341 6.352813 Inside Stopped m
62 Car: 783.767004 177.998159 854.87661 221.365936 0 0 7 1.432353 1.477831 3.251003 7.352788 1.629849 25.733942 Outside Stopped m
62 Car: 918.052609 181.836268 1134.208345 271.890349 2 0 8 1.439736 1.558252 3.957146 7.599873 1.621638 13.739454 Inside Stopped m
64 Car: 665.500819 178.109231 710.905198 214.015071 0 0 2 1.416789 1.448982 3.201869 3.211837 1.651698 30.39527 Inside Stopped m
64 Car: 793.631303 193.67088 1076.972598 361.979811 0 0 3 1.377451 1.491847 3.318948 3.205869 1.644851 7.919025 Inside Stopped m
64 Car: 768.818437 177.598261 832.184274 217.192059 0 0 7 1.432353 1.477831 3.251003 7.297914 1.631613 28.031068 Outside Stopped m
64 Car: 880.721388 181.094045 1057.986947 258.240454 2 0 8 1.439736 1.558252 3.957146 7.530124 1.62744 15.663392 Inside Stopped m
66 Car: 659.065355 177.689401 700.423828 210.525723 0 0 2 1.416789 1.448982 3.201869 3.121925 1.65306 33.088005 Outside Stopped m
66 Car: 762.977991 190.416227 975.16387 321.773482 0 0 3 1.377451 1.491847 3.318948 3.160463 1.642101 9.590889 Inside Stopped m
66 Car: 754.894257 177.250663 811.749371 213.594137 1 0 7 1.432353 1.477831 3.251003 7.20607 1.633298 30.391592 Outside Stopped m
66 Car: 851.599532 179.826609 997.17744 246.866563 2 0 8 1.439736 1.558252 3.957146 7.485011 1.622699 17.705975 Inside Stopped m
68 Car: 653.294411 177.375543 691.061335 207.502612 0 0 2 1.416789 1.448982 3.201869 3.024582 1.657159 35.919301 Outside Stopped m
68 Car: 739.840795 187.897459 904.882664 294.546898 0 0 3 1.377451 1.491847 3.318948 3.107192 1.639162 11.338606 Inside Stopped m
68 Car: 1237.876618 212.694785 1241.0 371.643507 0 2 4 1.502941 1.617828 3.891248 3.731397 1.656453 1.380783 Inside Stopped s
68 Car: 741.513023 176.786806 793.121841 210.277223 1 0 7 1.432353 1.477831 3.251003 7.07386 1.628251 32.843315 Outside Stopped m
68 Car: 825.750347 179.054065 946.906532 237.904129 1 0 8 1.439736 1.558252 3.957146 7.415495 1.624236 19.87883 Inside Stopped m
68 Truck: 1227.009432 0.0 1241.0 338.471252 1 1 9 3.545531 2.557672 7.967814 7.584948 1.586984 3.285285 Outside Stopped s
70 Car: 648.139072 177.001589 682.86498 204.791198 0 0 2 1.416789 1.448982 3.201869 2.919306 1.656003 38.804922 Outside Stopped m
70 Car: 721.596755 185.911152 854.466483 275.106294 0 0 3 1.377451 1.491847 3.318948 3.051286 1.636106 13.149712 Inside Stopped m
70 Car: 1058.741619 199.410582 1241.0 374.0 0 1 4 1.502941 1.617828 3.891248 3.676842 1.655112 2.620382 Inside Stopped m
70 Car: 730.629581 176.240185 778.263035 207.243856 2 0 7 1.432353 1.477831 3.251003 6.995811 1.616493 35.349333 Outside Stopped m
70 Car: 803.328743 178.212493 906.46718 230.386485 1 0 8 1.439736 1.558252 3.957146 7.348787 1.620189 22.160258 Inside Stopped m
70 Truck: 1102.587368 0.0 1241.0 337.148056 1 1 9 3.545531 2.557672 7.967814 7.542829 1.59081 5.027791 Inside Stopped m
72 Car: 643.667058 176.591786 675.507557 202.315071 0 0 2 1.416789 1.448982 3.201869 2.811232 1.650312 41.789796 Outside Stopped m
72 Car: 707.185961 184.494268 817.305443 260.66739 0 0 3 1.377451 1.491847 3.318948 3.008099 1.637585 15.046518 Inside Stopped m
72 Car: 951.623837 192.602325 1241.0 374.0 0 1 4 1.502941 1.617828 3.891248 3.643599 1.654341 4.00057 Inside Stopped m
72 Car: 719.709194 175.75216 763.71593 204.477435 2 0 7 1.432353 1.477831 3.251003 6.866056 1.604543 38.024211 Outside Stopped m
72 Car: 784.692092 177.499136 873.429355 224.002236 1 0 8 1.439736 1.558252 3.957146 7.320131 1.615929 24.612826 Inside Stopped m
72 Truck: 1027.023646 0.0 1241.0 335.904734 1 1 9 3.545531 2.557672 7.967814 7.515166 1.601744 6.613451 Outside Stopped s
74 Car: 639.935044 176.248 669.071189 200.165083 0 0 2 1.416789 1.448982 3.201869 2.708294 1.64534 44.819597 Outside Stopped m
74 Car: 694.029474 183.48536 787.106246 249.531796 0 0 3 1.377451 1.491847 3.318948 2.938017 1.643612 17.044879 Inside Stopped m
74 Car: 879.909026 188.567037 1241.0 374.0 0 1 4 1.502941 1.617828 3.891248 3.608169 1.653427 5.495108 Inside Stopped m
74 Car: 709.923875 175.416211 749.50015 202.133444 2 0 7 1.432353 1.477831 3.251003 6.692096 1.597122 40.750973 Outside Stopped m
74 Car: 767.553054 176.959024 844.618298 218.657611 1 0 8 1.439736 1.558252 3.957146 7.260095 1.613733 27.213748 Outside Stopped s
74 Truck: 968.94617 0.0 1241.0 334.717061 1 1 9 3.545531 2.557672 7.967814 7.482185 1.612588 8.263008 Outside Stopped s
76 Car: 636.557316 175.954444 663.412478 198.341773 0 0 2 1.416789 1.448982 3.201869 2.595203 1.640358 47.768265 Outside Stopped m
76 Car: 684.670936 182.616373 764.905828 240.58227 0 0 3 1.377451 1.491847 3.318948 2.913723 1.649335 19.136553 Inside Stopped m
76 Car: 829.382199 185.73446 1238.188189 374.0 0 0 4 1.502941 1.617828 3.891248 3.575111 1.652373 7.083457 Inside Stopped m
76 Car: 701.328654 175.123863 737.125767 200.095813 2 0 7 1.432353 1.477831 3.251003 6.518136 1.589701 43.477736 Outside Stopped m
76 Car: 751.804535 176.565146 819.572847 214.286847 1 0 8 1.439736 1.558252 3.957146 7.15106 1.613602 29.868652 Outside Stopped m
76 Truck: 922.949461 0.0 1241.0 333.584825 1 1 9 3.545531 2.557672 7.967814 7.443886 1.623344 9.976462 Inside Stopped m
78 Car: 633.527101 175.692287 658.367821 196.710284 0 0 2 1.416789 1.448982 3.201869 2.481484 1.635336 50.772081 Outside Stopped m
78 Car: 675.487806 181.446788 745.380029 232.838925 0 0 3 1.377451 1.491847 3.318948 2.846061 1.641243 21.292881 Inside Stopped m
78 Car: 791.905659 183.623238 1079.506417 346.399468 0 0 4 1.502941 1.617828 3.891248 3.537501 1.65111 8.779061 Inside Stopped m
78 Car: 739.584689 176.244075 800.172478 210.713519 1 0 8 1.439736 1.558252 3.957146 7.089562 1.613526 32.49502 Outside Stopped m
78 Truck: 885.181073 0.0 1241.0 322.253161 1 0 9 3.545531 2.557672 7.967814 7.394295 1.634029 11.764681 Inside Stopped m
80 Car: 630.796874 175.45695 653.847424 195.24265 0 0 2 1.416789 1.448982 3.201869 2.367138 1.630272 53.831044 Outside Stopped m
80 Car: 667.60806 180.681378 729.325445 226.809923 0 0 3 1.377451 1.491847 3.318948 2.770933 1.640528 23.475042 Inside Stopped m
80 Car: 763.024783 182.192372 977.844522 310.174293 0 0 4 1.502941 1.617828 3.891248 3.492842 1.653144 10.586228 Inside Stopped m
80 Car: 729.096141 175.973798 783.84241 207.70713 0 0 8 1.439736 1.558252 3.957146 7.028064 1.613451 35.121387 Outside Stopped m
80 Truck: 853.806354 26.980829 1241.0 293.869239 1 0 9 3.545531 2.557672 7.967814 7.33448 1.638297 13.607192 Inside Stopped m
82 Car: 660.7419 180.171213 715.848925 222.047196 0 0 3 1.377451 1.491847 3.318948 2.688341 1.647189 25.683036 Inside Stopped m
82 Car: 741.092025 181.261378 910.026807 286.223129 0 0 4 1.502941 1.617828 3.891248 3.450256 1.658531 12.441058 Inside Stopped m
82 Car: 719.505221 175.735211 769.263544 205.074817 1 0 8 1.439736 1.558252 3.957146 6.950728 1.613272 37.820655 Outside Stopped m
82 Truck: 827.656892 50.59704 1155.059484 273.795205 1 0 9 3.545531 2.557672 7.967814 7.273568 1.636129 15.499429 Inside Stopped m
84 Car: 654.79841 179.718834 704.394229 217.967509 0 0 3 1.377451 1.491847 3.318948 2.605756 1.653753 27.95882 Inside Stopped m
84 Car: 723.130995 179.479157 859.05439 267.079348 0 0 4 1.502941 1.617828 3.891248 3.41449 1.647994 14.487998 Inside Stopped m
84 Car: 710.378588 175.466501 754.998104 202.61373 2 0 8 1.439736 1.558252 3.957146 6.836605 1.610228 40.706879 Outside Stopped m
84 Truck: 805.950925 68.0707 1073.874078 259.029572 1 0 9 3.545531 2.557672 7.967814 7.22255 1.633839 17.447954 Inside Stopped m
86 Car: 649.703277 179.33841 694.762419 214.538083 0 0 3 1.377451 1.491847 3.318948 2.523172 1.660317 30.234605 Outside Stopped m
86 Car: 708.677825 178.686701 821.410813 253.741446 0 0 4 1.502941 1.617828 3.891248 3.37278 1.651076 16.579828 Inside Stopped m
86 Car: 1070.332535 166.083617 1241.0 374.0 0 1 5 1.691299 1.579093 3.952055 3.65837 1.643907 2.524659 Inside Stopped s
86 Car: 701.750546 175.177399 741.157073 200.32222 2 0 8 1.439736 1.558252 3.957146 6.685695 1.604317 43.780059 Outside Stopped m
86 Truck: 787.42149 81.500881 1011.621536 247.703007 1 0 9 3.545531 2.557672 7.967814 7.1723 1.631444 19.457332 Inside Stopped m
86 Car: 974.568728 178.871029 1069.764222 213.216476 1 0 12 1.479167 1.355913 3.513019 18.778691 1.77437 33.019826 Outside Stopped m
88 Car: 645.711454 178.886214 686.892838 211.386266 0 0 3 1.377451 1.491847 3.318948 2.465468 1.662207 32.605822 Outside Stopped m
88 Car: 696.377473 178.626196 791.431952 243.749996 0 0 4 1.502941 1.617828 3.891248 3.325135 1.667668 18.807828 Inside Stopped m
88 Car: 959.049619 163.058215 1241.0 374.0 0 1 5 1.691299 1.579093 3.952055 3.650231 1.644784 3.950561 Inside Stopped m
88 Car: 694.220437 174.92777 729.193316 198.345664 2 0 8 1.439736 1.558252 3.957146 6.534786 1.598406 46.853239 Outside Stopped m
88 Truck: 770.499794 92.845899 959.369633 238.148477 1 0 9 3.545531 2.557672 7.967814 7.124681 1.628749 21.68665 Inside Stopped m
88 Car: 951.037493 177.982553 1042.670036 211.449421 2 0 12 1.479167 1.355913 3.513019 18.054092 1.740446 33.826975 Outside Stopped m
90 Car: 642.236444 178.498306 680.142539 208.683334 0 0 3 1.377451 1.491847 3.318948 2.407764 1.664096 34.97704 Outside Stopped m
90 Car: 685.77215 178.117794 767.016961 235.212603 0 0 4 1.502941 1.617828 3.891248 3.27021 1.673023 21.175191 Inside Stopped m
90 Car: 885.798855 160.439317 1241.0 374.0 0 1 5 1.691299 1.579093 3.952055 3.636819 1.645488 5.47102 Inside Stopped m
90 Truck: 755.822572 101.646292 918.161854 230.750677 0 0 9 3.545531 2.557672 7.967814 7.057991 1.626105 23.910957 Inside Stopped m
90 Car: 928.606207 177.135608 1016.834696 209.768168 1 0 12 1.479167 1.355913 3.513019 17.329494 1.706521 34.634123 Outside Stopped m
92 Car: 638.631229 178.146633 673.600457 206.256494 0 0 3 1.377451 1.491847 3.318948 2.323658 1.665864 37.434543 Outside Stopped m
92 Car: 676.804327 177.339739 747.397143 228.053768 0 0 4 1.502941 1.617828 3.891248 3.207996 1.667253 23.590638 Inside Stopped m
92 Car: 834.682245 162.339341 1241.0 374.0 0 0 5 1.691299 1.579093 3.952055 3.611793 1.64606 7.054342 Inside Stopped m
92 Truck: 742.885472 108.672259 884.647746 224.853951 0 0 9 3.545531 2.557672 7.967814 6.972228 1.623511 26.130254 Inside Stopped m
92 Car: 910.997439 177.086082 996.485622 209.035249 2 0 12 1.479167 1.355913 3.513019 16.755158 1.708325 35.337203 Inside Stopped s
94 Car: 635.393575 177.82425 667.754374 204.060614 0 0 3 1.377451 1.491847 3.318948 2.239562 1.667444 39.987129 Outside Stopped m
94 Car: 669.050533 176.683172 730.915007 222.000873 0 0 4 1.502941 1.617828 3.891248 3.145799 1.661172 26.164304 Inside Stopped m
94 Car: 796.127215 164.985779 1084.934707 347.123061 0 0 5 1.691299 1.579093 3.952055 3.578327 1.646399 8.755992 Inside Stopped m
94 Truck: 731.559917 114.669568 856.467061 219.820977 1 0 9 3.545531 2.557672 7.967814 6.897126 1.62071 28.456042 Inside Stopped m
94 Car: 894.061344 177.03853 976.947491 208.332361 2 0 12 1.479167 1.355913 3.513019 16.180821 1.710129 36.040284 Inside Stopped m
96 Car: 632.529935 177.542086 662.637892 202.139086 0 0 3 1.377451 1.491847 3.318948 2.155466 1.669024 42.539715 Outside Stopped m
96 Car: 662.416394 176.271128 717.144554 217.048906 0 0 4 1.502941 1.617828 3.891248 3.084632 1.660069 28.857365 Inside Stopped m
96 Car: 767.262387 166.695956 984.079694 311.603079 0 0 5 1.691299 1.579093 3.952055 3.528932 1.647742 10.493742 Inside Stopped m
96 Car: 1142.804021 218.536144 1241.0 374.0 0 2 6 1.408456 1.569173 3.226245 3.60307 1.634423 2.244537 Inside Stopped m
96 Truck: 721.749421 119.628881 833.170499 215.662661 1 0 9 3.545531 2.557672 7.967814 6.822024 1.617909 30.781831 Inside Stopped m
96 Car: 877.760104 176.992837 958.172772 207.657693 2 0 12 1.479167 1.355913 3.513019 15.606485 1.711933 36.743364 Inside Stopped m
98 Car: 629.767357 177.198095 657.823581 200.287598 0 0 3 1.377451 1.491847 3.318948 2.060941 1.665573 45.206699 Outside Stopped m
98 Car: 656.70344 176.042207 705.515274 212.958113 0 0 4 1.502941 1.617828 3.891248 3.024494 1.663942 31.66982 Outside Stopped m
98 Car: 746.167471 167.940209 915.505284 287.135517 0 0 5 1.691299 1.579093 3.952055 3.501644 1.650006 12.324634 Inside Stopped m
98 Car: 989.222878 203.28047 1241.0 374.0 0 1 6 1.408456 1.569173 3.226245 3.610367 1.630869 3.843777 Inside Stopped m
98 Truck: 713.134132 123.866375 813.403363 212.112405 1 0 9 3.545531 2.557672 7.967814 6.751055 1.615065 33.148911 Outside Stopped s
98 Car: 863.725886 176.706687 941.998178 206.812311 2 0 12 1.479167 1.355913 3.513019 15.099567 1.701145 37.38609 Outside Stopped m
100 Car: 627.3023 176.893773 653.564626 198.64989 0 0 3 1.377451 1.491847 3.318948 1.966417 1.662121 47.873683 Outside Stopped m
100 Car: 651.360199 175.892384 695.224052 209.540036 0 0 4 1.502941 1.617828 3.891248 2.94266 1.669907 34.554426 Outside Stopped m
100 Car: 727.433095 168.827351 865.31769 269.285733 0 0 5 1.691299 1.579093 3.952055 3.455653 1.652043 14.255443 Inside Stopped m
100 Car: 896.238805 195.560932 1241.0 374.0 0 1 6 1.408456 1.569173 3.226245 3.605001 1.627082 5.582475 Inside Stopped m
100 Truck: 705.330841 127.507442 796.25732 209.080459 1 0 9 3.545531 2.557672 7.967814 6.670605 1.612595 35.536722 Outside Stopped s
100 Car: 851.780508 176.191136 928.209981 205.801066 1 0 12 1.479167 1.355913 3.513019 14.660066 1.677765 37.968462 Outside Stopped m
102 Car: 646.355639 175.803765 686.022704 206.645517 0 0 4 1.502941 1.617828 3.891248 2.840652 1.678014 37.518787 Outside Stopped m
102 Car: 712.313667 169.485213 827.968485 256.041087 0 0 5 1.691299 1.579093 3.952055 3.406497 1.654111 16.227983 Inside Stopped m
102 Car: 838.235209 190.693449 1163.983552 374.0 0 0 6 1.408456 1.569173 3.226245 3.598586 1.623163 7.391957 Inside Stopped m
102 Truck: 698.212451 130.670965 781.211434 206.462965 1 0 9 3.545531 2.557672 7.967814 6.580672 1.610501 37.945265 Outside Stopped s
102 Car: 1126.397256 187.521954 1241.0 325.456079 1 1 10 1.448468 1.606648 4.202972 7.534664 1.625066 7.283213 Inside Stopped m
102 Car: 842.108223 176.15283 916.748658 205.351134 1 0 12 1.479167 1.355913 3.513019 14.300747 1.678205 38.496182 Outside Stopped s
104 Car: 641.502066 175.713179 677.497629 204.074525 0 0 4 1.502941 1.617828 3.891248 2.712797 1.685861 40.62768 Outside Stopped m
104 Car: 699.818211 169.993332 798.692548 245.56483 0 0 5 1.691299 1.579093 3.952055 3.360521 1.656015 18.299303 Inside Stopped m
104 Car: 797.711376 187.83025 1026.348712 325.157697 0 0 6 1.408456 1.569173 3.226245 3.582295 1.626402 9.272905 Inside Stopped m
104 Truck: 691.700837 133.42483 767.935353 204.184147 1 0 9 3.545531 2.557672 7.967814 6.481491 1.608362 40.36242 Outside Stopped s
104 Car: 1037.703007 184.893545 1241.0 322.910683 0 1 10 1.448468 1.606648 4.202972 7.507034 1.623282 9.181379 Inside Stopped m
104 Car: 832.719533 176.115687 905.571593 204.913281 1 0 12 1.479167 1.355913 3.513019 13.941427 1.678645 39.023902 Outside Stopped m
106 Car: 637.54338 175.202695 670.493084 201.450114 0 0 4 1.502941 1.617828 3.891248 2.59989 1.668591 43.739875 Outside Stopped m
106 Car: 689.466493 170.417448 775.471978 237.392902 1 0 5 1.691299 1.579093 3.952055 3.308806 1.658603 20.393139 Inside Stopped m
106 Car: 767.670697 186.139336 939.748179 295.011766 0 0 6 1.408456 1.569173 3.226245 3.556127 1.636799 11.225317 Inside Stopped m
106 Truck: 685.705533 135.843604 756.107541 202.182181 1 0 9 3.545531 2.557672 7.967814 6.373061 1.606178 42.788187 Outside Stopped s
106 Car: 972.058549 182.980924 1241.0 300.917117 0 0 10 1.448468 1.606648 4.202972 7.479411 1.621206 11.170826 Inside Stopped m
106 Car: 823.6024 176.079662 894.668166 204.487029 2 0 12 1.479167 1.355913 3.513019 13.582108 1.679085 39.551622 Outside Stopped s
108 Car: 634.089748 174.762894 664.458752 199.189655 0 0 4 1.502941 1.617828 3.891248 2.486983 1.651321 46.85207 Outside Stopped m
108 Car: 680.522795 170.788002 755.933458 230.586349 1 0 5 1.691299 1.579093 3.952055 3.253079 1.661787 22.601523 Inside Stopped m
108 Car: 744.856572 184.330101 881.483638 274.008354 0 0 6 1.408456 1.569173 3.226245 3.527633 1.636247 13.219527 Inside Stopped m
108 Truck: 680.520446 138.064206 745.020554 200.339651 1 0 9 3.545531 2.557672 7.967814 6.269041 1.603803 45.325127 Outside Stopped s
108 Car: 923.542384 181.581046 1154.744962 277.879616 0 0 10 1.448468 1.606648 4.202972 7.444182 1.619243 13.142525 Inside Stopped m
108 Car: 817.852654 175.651617 887.61114 203.797669 2 0 12 1.479167 1.355913 3.513019 13.350098 1.657578 39.906652 Outside Stopped s
110 Car: 630.790206 174.484674 658.919494 197.322729 0 0 4 1.502941 1.617828 3.891248 2.35563 1.641041 49.973505 Outside Stopped m
110 Car: 672.887033 171.087802 739.817214 224.970522 1 0 5 1.691299 1.579093 3.952055 3.195906 1.664864 24.863908 Inside Stopped m
110 Car: 727.071818 182.913027 839.422657 258.817886 0 0 6 1.408456 1.569173 3.226245 3.499144 1.635576 15.266561 Inside Stopped m
110 Truck: 675.424691 140.097358 735.234245 198.741269 1 0 9 3.545531 2.557672 7.967814 6.154297 1.604252 47.88736 Outside Stopped s
110 Car: 885.251027 180.433871 1068.325144 261.446241 0 0 10 1.448468 1.606648 4.202972 7.408958 1.617145 15.170006 Inside Stopped m
110 Car: 812.2225 175.23082 880.657215 203.120337 1 0 12 1.479167 1.355913 3.513019 13.118087 1.636071 40.261682 Outside Stopped s
112 Car: 627.620198 174.338638 653.787743 195.778283 0 0 4 1.502941 1.617828 3.891248 2.205831 1.637752 53.104179 Outside Stopped m
112 Car: 666.208031 171.226831 725.873496 220.318806 1 0 5 1.691299 1.579093 3.952055 3.117318 1.664231 27.093392 Inside Stopped m
112 Car: 712.377176 181.725483 806.599159 246.917453 0 0 6 1.408456 1.569173 3.226245 3.470669 1.634586 17.451995 Inside Stopped m
112 Truck: 670.410868 141.969804 726.554032 197.34872 1 0 9 3.545531 2.557672 7.967814 6.028831 1.607524 50.474885 Outside Stopped s
112 Car: 854.30107 179.288883 1003.623393 249.144126 0 0 10 1.448468 1.606648 4.202972 7.373739 1.614911 17.25327 Inside Stopped m
112 Car: 807.364712 175.173682 874.980881 202.853662 1 0 12 1.479167 1.355913 3.513019 12.918045 1.633902 40.55292 Outside Stopped s
114 Car: 624.791405 174.20943 649.247513 194.41204 0 0 4 1.502941 1.617828 3.891248 2.056031 1.634463 56.234853 Outside Stopped m
114 Car: 660.362345 171.341825 713.915688 216.303857 1 0 5 1.691299 1.579093 3.952055 3.038737 1.663389 29.396831 Inside Stopped m
114 Car: 700.003625 180.963076 780.557671 237.861184 0 0 6 1.408456 1.569173 3.226245 3.431705 1.639834 19.717657 Inside Stopped m
114 Truck: 666.179858 143.629342 719.144568 196.061697 1 0 9 3.545531 2.557672 7.967814 5.931197 1.60877 53.086383 Outside Stopped s
114 Car: 829.148117 178.40315 954.594286 239.66155 0 0 10 1.448468 1.606648 4.202972 7.352924 1.612688 19.379175 Inside Stopped m
114 Car: 802.575367 175.117373 869.386502 202.590951 1 0 12 1.479167 1.355913 3.513019 12.718002 1.631733 40.844157 Outside Stopped s
116 Car: 655.043948 171.515647 703.856105 212.989292 1 0 5 1.691299 1.579093 3.952055 2.955029 1.665744 31.701538 Inside Stopped m
116 Car: 690.003464 180.323075 760.310556 230.818303 0 0 6 1.408456 1.569173 3.226245 3.392742 1.645081 21.983319 Inside Stopped m
116 Truck: 661.7164 145.145671 711.690836 194.83034 1 0 9 3.545531 2.557672 7.967814 5.791179 1.607828 55.800468 Outside Stopped s
116 Car: 808.059353 177.703367 915.632859 232.190273 0 0 10 1.448468 1.606648 4.202972 7.322693 1.610388 21.525729 Inside Stopped m
116 Car: 802.120226 175.084498 868.783345 202.527838 2 0 12 1.479167 1.355913 3.513019 12.701758 1.630056 40.888134 Outside Stopped s
118 Car: 650.150784 171.735551 695.289545 210.223315 1 0 5 1.691299 1.579093 3.952055 2.866195 1.671298 34.007513 Outside Stopped m
118 Car: 680.813036 179.646826 742.936717 225.011205 0 0 6 1.408456 1.569173 3.226245 3.323899 1.647703 24.287868 Inside Stopped m
118 Truck: 657.93003 146.554379 705.284914 193.739391 1 0 9 3.545531 2.557672 7.967814 5.678212 1.609091 58.544014 Outside Stopped s
118 Car: 790.071797 177.13612 883.848208 226.15201 0 0 10 1.448468 1.606648 4.202972 7.283047 1.608011 23.692932 Inside Stopped m
118 Car: 801.666277 175.051692 868.181232 202.464859 2 0 12 1.479167 1.355913 3.513019 12.685514 1.628379 40.932111 Outside Stopped m
120 Car: 645.766913 171.925156 687.68178 207.739588 1 0 5 1.691299 1.579093 3.952055 2.777371 1.676705 36.398006 Outside Stopped m
120 Car: 673.070639 179.057807 728.434896 220.033646 0 0 6 1.408456 1.569173 3.226245 3.263943 1.650093 26.716657 Inside Stopped m
120 Truck: 654.483266 147.479862 699.281553 192.375095 1 0 9 3.545531 2.557672 7.967814 5.561253 1.581357 61.325366 Outside Stopped s
120 Car: 774.311447 176.66542 857.068352 221.134594 0 0 10 1.448468 1.606648 4.202972 7.230727 1.605615 25.899439 Inside Stopped m
120 Car: 801.213513 175.018954 867.580162 202.402014 2 0 12 1.479167 1.355913 3.513019 12.66927 1.626702 40.976088 Outside Stopped s
122 Car: 642.260763 171.964859 681.046418 205.412972 1 0 5 1.691299 1.579093 3.952055 2.701341 1.675605 38.830738 Outside Stopped m
122 Car: 666.550011 178.572676 716.491924 215.933958 0 0 6 1.408456 1.569173 3.226245 3.203987 1.652483 29.145446 Inside Stopped m
122 Truck: 651.340506 147.987456 693.635602 190.778122 1 0 9 3.545531 2.557672 7.967814 5.440302 1.524627 64.144524 Outside Stopped s
122 Car: 760.204849 176.259307 833.852878 216.826503 0 0 10 1.448468 1.606648 4.202972 7.168274 1.603051 28.187085 Outside Stopped m
122 Car: 801.119321 175.05809 867.431433 202.443732 1 0 12 1.479167 1.355913 3.513019 12.662032 1.628864 40.975381 Outside Stopped s
124 Car: 638.795213 172.142488 674.79484 203.476201 1 0 5 1.691299 1.579093 3.952055 2.606221 1.682244 41.315794 Outside Stopped m
124 Car: 660.879719 178.073913 706.351374 212.391496 0 0 6 1.408456 1.569173 3.226245 3.140194 1.651131 31.587146 Outside Stopped m
124 Truck: 648.349358 149.112633 688.026913 189.948546 1 0 9 3.545531 2.557672 7.967814 5.299314 1.523789 67.029843 Outside Stopped s
124 Car: 748.342123 176.248005 814.482548 213.625045 0 0 10 1.448468 1.606648 4.202972 7.098443 1.613103 30.410959 Outside Stopped m
124 Van: 1110.476954 130.636918 1241.0 339.900981 0 1 11 2.060112 1.809422 4.441516 7.068678 1.632129 6.675716 Inside Stopped m
124 Car: 801.025303 175.097236 867.282494 202.485449 1 0 12 1.479167 1.355913 3.513019 12.654793 1.631026 40.974674 Outside Stopped s
126 Car: 635.375531 172.432864 668.882208 201.867076 1 0 5 1.691299 1.579093 3.952055 2.492011 1.696622 43.853175 Outside Stopped m
126 Car: 655.891362 177.565192 697.618156 209.284667 0 0 6 1.408456 1.569173 3.226245 3.072562 1.646036 34.041759 Outside Stopped m
126 Truck: 645.59256 150.139713 682.907337 189.191731 1 0 9 3.545531 2.557672 7.967814 5.158326 1.522952 69.915162 Outside Stopped s
126 Car: 737.570823 176.233437 797.384351 210.850932 0 0 10 1.448468 1.606648 4.202972 7.013402 1.623089 32.665263 Outside Stopped m
126 Van: 1019.356092 128.496511 1241.0 337.566847 0 1 11 2.060112 1.809422 4.441516 7.057405 1.631183 8.62638 Inside Stopped m
126 Car: 800.931459 175.136392 867.133342 202.527164 1 0 12 1.479167 1.355913 3.513019 12.647554 1.633188 40.973967 Outside Stopped s
128 Car: 632.231962 172.393727 663.536129 200.128746 1 0 5 1.691299 1.579093 3.952055 2.373059 1.692712 46.416384 Outside Stopped m
128 Car: 651.698504 177.266017 690.23265 206.846216 0 0 6 1.408456 1.569173 3.226245 3.002323 1.646903 36.385167 Outside Stopped m
128 Truck: 643.081694 151.1126 678.202118 188.470682 1 0 9 3.545531 2.557672 7.967814 5.026476 1.521833 72.910017 Outside Stopped s
128 Car: 727.618803 175.755299 782.287996 207.944349 0 0 10 1.448468 1.606648 4.202972 6.918004 1.612122 34.969231 Outside Stopped m
128 Van: 954.844187 133.774052 1241.0 311.845326 0 0 11 2.060112 1.809422 4.441516 7.046136 1.630147 10.617613 Inside Stopped m
128 Car: 800.837788 175.175559 866.98398 202.568878 1 0 12 1.479167 1.355913 3.513019 12.640316 1.63535 40.973259 Outside Stopped s
130 Car: 629.327618 172.078945 658.672864 198.285218 1 0 5 1.691299 1.579093 3.952055 2.249367 1.670515 49.005421 Outside Stopped m
130 Car: 647.604001 177.185037 683.225523 204.794645 0 0 6 1.408456 1.569173 3.226245 2.917568 1.657885 38.865525 Outside Stopped m
130 Truck: 640.759674 152.004749 673.887447 187.809798 1 0 9 3.545531 2.557672 7.967814 4.894626 1.520715 75.904871 Outside Stopped s
130 Car: 718.92239 175.816992 768.953555 205.869969 0 0 10 1.448468 1.606648 4.202972 6.825325 1.624522 37.303266 Outside Stopped m
130 Van: 905.875784 140.938536 1162.719799 284.399971 0 0 11 2.060112 1.809422 4.441516 7.02676 1.628969 12.676294 Inside Stopped m
130 Car: 800.744292 175.214736 866.834407 202.61059 1 0 12 1.479167 1.355913 3.513019 12.633077 1.637511 40.972552 Outside Stopped s
132 Car: 627.728 172.053764 654.816489 196.813368 1 0 5 1.691299 1.579093 3.952055 2.187537 1.665732 51.749742 Outside Stopped m
132 Car: 643.72772 177.30172 676.806499 203.178476 0 0 6 1.408456 1.569173 3.226245 2.818286 1.679288 41.359223 Outside Stopped m
132 Truck: 638.437506 152.83292 669.718992 187.196405 1 0 9 3.545531 2.557672 7.967814 4.744524 1.519575 78.927112 Outside Stopped s
132 Car: 711.291773 176.317905 757.081562 204.477954 0 0 10 1.448468 1.606648 4.202972 6.735367 1.660291 39.66737 Outside Stopped m
132 Van: 868.241002 146.167444 1069.92523 265.76359 0 0 11 2.060112 1.809422 4.441516 7.005168 1.627741 14.763817 Inside Stopped m
132 Car: 800.165229 174.816332 866.151858 202.174192 1 0 12 1.479167 1.355913 3.513019 12.610772 1.615607 41.015931 Outside Stopped s
134 Car: 626.285395 172.031243 651.360477 195.495715 1 0 5 1.691299 1.579093 3.952055 2.125707 1.660949 54.494063 Outside Stopped m
134 Car: 640.449053 176.661697 671.27357 200.964435 0 0 6 1.408456 1.569173 3.226245 2.733197 1.657568 43.930779 Outside Stopped m
134 Truck: 636.279167 153.597094 665.872694 186.63065 1 0 9 3.545531 2.557672 7.967814 4.594422 1.518436 81.949354 Outside Stopped s
134 Car: 703.933525 175.699318 746.356819 202.145305 0 0 10 1.448468 1.606648 4.202972 6.632644 1.637669 42.099251 Outside Stopped m
134 Van: 837.841829 150.097577 1001.300313 252.157092 0 0 11 2.060112 1.809422 4.441516 6.976133 1.628279 16.919381 Inside Stopped m
134 Car: 799.587356 174.418794 865.470794 201.738759 1 0 12 1.479167 1.355913 3.513019 12.588467 1.593703 41.059309 Outside Stopped s
136 Car: 637.520878 176.094939 666.374221 199.004164 0 0 6 1.408456 1.569173 3.226245 2.648108 1.635848 46.502334 Outside Stopped m
136 Truck: 634.506292 154.466998 662.539321 185.948148 1 0 9 3.545531 2.557672 7.967814 4.516344 1.514531 85.795618 Outside Stopped s
136 Car: 697.587733 175.30832 737.149376 200.249168 0 0 10 1.448468 1.606648 4.202972 6.543261 1.624205 44.510636 Outside Stopped m
136 Van: 813.136041 153.146695 949.095621 241.945652 0 0 11 2.060112 1.809422 4.441516 6.94187 1.630633 19.114142 Inside Stopped m
136 Car: 799.426638 174.247728 865.323142 201.554772 2 0 12 1.479167 1.355913 3.513019 12.583603 1.584248 41.071594 Outside Stopped m
138 Car: 635.221653 175.844021 662.315527 197.476358 0 0 6 1.408456 1.569173 3.226245 2.589024 1.631197 49.150262 Outside Stopped m
138 Truck: 632.879103 155.258865 659.505104 185.326969 1 0 9 3.545531 2.557672 7.967814 4.438266 1.510627 89.641882 Outside Stopped s
138 Car: 692.097025 175.107642 729.201628 198.716451 0 0 10 1.448468 1.606648 4.202972 6.467217 1.6199 46.901525 Outside Stopped m
138 Van: 793.037305 155.496128 908.883887 234.084011 0 0 11 2.060112 1.809422 4.441516 6.907606 1.632988 21.308903 Inside Stopped m
138 Car: 799.68272 174.302516 865.707638 201.621543 0 0 12 1.479167 1.355913 3.513019 12.596179 1.587242 41.052786 Inside Stopped s
140 Car: 633.150421 175.619561 658.684922 196.109833 0 0 6 1.408456 1.569173 3.226245 2.52994 1.626546 51.79819 Outside Stopped m
140 Car: 686.40118 174.922772 721.232005 197.303218 0 0 10 1.448468 1.606648 4.202972 6.347232 1.615487 49.358348 Outside Stopped m
140 Van: 775.38194 157.43123 875.270203 227.56304 0 0 11 2.060112 1.809422 4.441516 6.862704 1.635116 23.610161 Inside Stopped m
140 Car: 799.939514 174.357347 866.091924 201.688361 0 0 12 1.479167 1.355913 3.513019 12.608756 1.590236 41.033977 Inside Stopped s
142 Car: 681.280661 174.753573 714.08835 196.01242 0 0 10 1.448468 1.606648 4.202972 6.234856 1.610986 51.8494 Outside Stopped m
142 Van: 760.532306 158.755752 848.151011 222.121898 0 0 11 2.060112 1.809422 4.441516 6.81084 1.629854 25.893386 Inside Stopped m
142 Car: 800.197024 174.412221 866.476 201.755226 2 0 12 1.479167 1.355913 3.513019 12.621332 1.59323 41.015169 Inside Stopped s
144 Car: 676.668677 174.598136 707.666613 194.82909 0 0 10 1.448468 1.606648 4.202972 6.13009 1.606395 54.374681 Outside Stopped m
144 Van: 747.851739 159.914819 825.556267 217.622485 0 0 11 2.060112 1.809422 4.441516 6.762461 1.626346 28.213992 Inside Stopped m
144 Car: 800.45525 174.467137 866.859865 201.822138 1 0 12 1.479167 1.355913 3.513019 12.633908 1.596223 40.996361 Outside Stopped s
146 Car: 672.419043 174.455575 701.785476 193.74266 0 0 10 1.448468 1.606648 4.202972 6.025327 1.601762 56.930388 Outside Stopped m
146 Van: 736.240087 160.972237 805.495866 213.743238 0 0 11 2.060112 1.809422 4.441516 6.69932 1.624482 30.645007 Inside Stopped m
146 Car: 800.236919 174.714378 866.611437 202.066311 1 0 12 1.479167 1.355913 3.513019 12.624185 1.609936 41.00769 Outside Stopped s
148 Car: 668.525333 174.312552 696.196111 192.728001 0 0 10 1.448468 1.606648 4.202972 5.91506 1.596093 59.522452 Outside Stopped m
148 Van: 726.22809 161.863314 788.593328 210.475724 0 0 11 2.060112 1.809422 4.441516 6.636179 1.622619 33.076021 Outside Stopped s
148 Car: 799.542959 175.153324 865.731726 202.487057 1 0 12 1.479167 1.355913 3.513019 12.592161 1.634367 41.049156 Outside Stopped s
150 Car: 664.952092 174.169365 690.869435 191.777792 0 0 10 1.448468 1.606648 4.202972 5.799289 1.589389 62.150873 Outside Stopped m
150 Van: 717.337627 162.620209 773.992705 207.702709 0 0 11 2.060112 1.809422 4.441516 6.56188 1.620781 35.491444 Outside Stopped s
150 Car: 798.850947 175.591488 864.853148 202.906932 1 0 12 1.479167 1.355913 3.513019 12.560137 1.658798 41.090623 Outside Stopped s
152 Car: 661.660881 174.038163 685.9877 190.907433 0 0 10 1.448468 1.606648 4.202972 5.683518 1.582685 64.779294 Outside Stopped m
152 Van: 709.355702 163.27113 761.207649 205.320034 0 0 11 2.060112 1.809422 4.441516 6.476423 1.618969 37.891276 Outside Stopped m
152 Car: 797.16406 174.96362 862.820125 202.19632 1 0 12 1.479167 1.355913 3.513019 12.486186 1.624283 41.195316 Outside Stopped s
154 Van: 702.255777 163.898104 750.088924 203.266429 0 0 11 2.060112 1.809422 4.441516 6.396562 1.619866 40.319841 Outside Stopped s
154 Car: 795.486337 174.338855 860.796691 201.489415 1 0 12 1.479167 1.355913 3.513019 12.412234 1.589768 41.300009 Outside Stopped s
156 Van: 695.908149 164.504037 740.361903 201.486939 0 0 11 2.060112 1.809422 4.441516 6.322297 1.623473 42.777139 Outside Stopped s
156 Car: 792.698431 174.356228 857.542377 201.380793 1 0 12 1.479167 1.355913 3.513019 12.294843 1.591122 41.484975 Outside Stopped s
158 Van: 690.217439 165.040761 731.746389 199.910694 0 0 11 2.060112 1.809422 4.441516 6.248033 1.62708 45.234437 Outside Stopped m
158 Car: 788.829388 175.006909 853.094462 201.862816 0 0 12 1.479167 1.355913 3.513019 12.134012 1.628345 41.750213 Outside Stopped s
160 Van: 684.652198 165.517693 723.601335 198.516202 0 0 11 2.060112 1.809422 4.441516 6.141819 1.630758 47.673486 Outside Stopped s
160 Car: 785.007446 175.649044 848.704813 202.338447 0 0 12 1.479167 1.355913 3.513019 11.97318 1.665568 42.015451 Outside Stopped s
162 Van: 679.60539 165.946061 716.285977 197.263701 0 0 11 2.060112 1.809422 4.441516 6.035606 1.634436 50.112535 Outside Stopped s
162 Car: 778.951607 175.283909 841.726972 201.685926 0 0 12 1.479167 1.355913 3.513019 11.712691 1.646285 42.440288 Outside Stopped s
164 Van: 675.007811 166.332924 709.679666 196.132555 0 0 11 2.060112 1.809422 4.441516 5.929392 1.638115 52.551584 Outside Stopped s
164 Car: 773.011937 174.926264 834.892088 201.046944 0 0 12 1.479167 1.355913 3.513019 11.452203 1.627002 42.865125 Outside Stopped s
166 Van: 670.802048 166.684036 703.684068 195.105942 0 0 11 2.060112 1.809422 4.441516 5.823179 1.641793 54.990633 Outside Stopped s
166 Car: 766.817786 174.845156 827.32621 200.669879 0 0 12 1.479167 1.355913 3.513019 11.168268 1.62363 43.345247 Outside Stopped s
168 Van: 666.940071 167.004135 698.218223 194.170012 0 0 11 2.060112 1.809422 4.441516 5.716965 1.645472 57.429682 Outside Stopped s
168 Car: 760.431443 175.032158 819.045951 200.546575 0 0 12 1.479167 1.355913 3.513019 10.860888 1.636171 43.880653 Outside Stopped m
170 Van: 663.328966 167.199742 692.881024 193.15605 0 0 11 2.060112 1.809422 4.441516 5.607689 1.640298 60.001622 Outside Stopped s
170 Car: 753.546378 175.021438 810.073026 200.172703 0 0 12 1.479167 1.355913 3.513019 10.528834 1.637379 44.510548 Outside Stopped m
172 Van: 660.004785 167.378706 687.998118 192.228592 0 0 11 2.060112 1.809422 4.441516 5.498412 1.635125 62.573561 Outside Stopped s
172 Car: 746.22537 174.820938 800.493939 199.561501 0 0 12 1.479167 1.355913 3.513019 10.172107 1.627254 45.234934 Outside Stopped m
174 Van: 656.93464 167.543063 683.513868 191.377022 0 0 11 2.060112 1.809422 4.441516 5.389135 1.629951 65.145501 Outside Stopped s
174 Car: 738.883538 174.624385 790.832924 198.944835 0 0 12 1.479167 1.355913 3.513019 9.803974 1.61707 45.999257 Outside Stopped m
176 Van: 654.090484 167.694533 679.381366 190.592392 0 0 11 2.060112 1.809422 4.441516 5.279858 1.624778 67.717441 Outside Stopped s
176 Car: 731.463428 174.703961 781.082298 198.570631 0 0 12 1.479167 1.355913 3.513019 9.431713 1.624111 46.856993 Outside Stopped m
178 Van: 651.448252 167.834573 675.560785 189.867107 0 0 11 2.060112 1.809422 4.441516 5.170581 1.619604 70.28938 Outside Stopped s
178 Car: 724.263522 175.047263 771.632265 198.451058 0 0 12 1.479167 1.355913 3.513019 9.066727 1.648437 47.768206 Outside Stopped m
180 Car: 717.758173 175.371629 762.873776 198.28946 0 0 12 1.479167 1.355913 3.513019 8.742319 1.672625 48.760546 Outside Stopped m
182 Car: 711.61405 175.588053 754.564955 198.050362 0 0 12 1.479167 1.355913 3.513019 8.420374 1.690329 49.726331 Outside Stopped m
184 Car: 705.800443 175.703017 746.667469 197.737993 0 0 12 1.479167 1.355913 3.513019 8.100893 1.701549 50.665561 Outside Stopped m
186 Car: 700.23076 177.187749 738.932873 198.723504 0 0 12 1.479167 1.355913 3.513019 7.81297 1.809596 51.83184 Outside Stopped m
186 Van: 483.981271 168.862263 508.452934 193.125639 0 0 13 2.495986 2.203627 5.778503 -12.21719 2.124337 77.78173 Outside Stopped s
188 Car: 694.955863 179.932084 731.455254 200.905181 0 0 12 1.479167 1.355913 3.513019 7.556605 2.014471 53.22517 Outside Stopped m
188 Van: 480.949783 170.417677 506.252872 195.394892 0 0 13 2.495986 2.203627 5.778503 -12.156112 2.293265 75.657444 Outside Stopped s
190 Car: 689.273597 181.330666 723.692839 201.795688 0 0 12 1.479167 1.355913 3.513019 7.236497 2.129581 54.522602 Outside Stopped m
190 Van: 477.735764 172.066382 503.930687 197.800843 0 0 13 2.495986 2.203627 5.778503 -12.095033 2.462193 73.533159 Outside Stopped s
192 Car: 683.183192 181.485648 715.625027 201.493377 0 0 12 1.479167 1.355913 3.513019 6.852646 2.154927 55.724138 Outside Stopped m
192 Van: 471.287339 172.706794 499.108743 199.247991 0 0 13 2.495986 2.203627 5.778503 -12.297339 2.525359 71.392975 Outside Stopped s
194 Car: 675.748519 182.917077 706.624533 202.597387 0 0 12 1.479167 1.355913 3.513019 6.340528 2.281373 56.795822 Outside Regular m
194 Van: 464.42444 173.388624 493.999716 200.7883 0 0 13 2.495986 2.203627 5.778503 -12.499646 2.588524 69.252791 Outside Regular s
196 Car: 668.587858 184.260723 697.959451 203.658851 0 0 12 1.479167 1.355913 3.513019 5.82841 2.407819 57.867506 Outside Regular m
196 Van: 456.712786 174.839826 488.183096 203.149751 0 0 13 2.495986 2.203627 5.778503 -12.741692 2.716285 67.129098 Outside Regular s
198 Car: 662.203425 185.850575 690.207263 205.026776 0 0 12 1.479167 1.355913 3.513019 5.352269 2.557153 58.837429 Outside Regular m
198 Van: 448.071404 177.138243 481.596827 206.41458 0 0 13 2.495986 2.203627 5.778503 -13.023479 2.908642 65.021897 Outside Regular s
200 Car: 655.300211 186.666578 682.022517 205.636017 0 0 12 1.479167 1.355913 3.513019 4.803134 2.64121 59.630454 Outside Regular m
200 Van: 437.746189 176.606747 473.62359 206.925909 0 0 13 2.495986 2.203627 5.778503 -13.386856 2.851528 62.880636 Outside Regular s
202 Car: 647.350033 185.777285 672.787665 204.461305 0 0 12 1.479167 1.355913 3.513019 4.144409 2.578512 60.348952 Outside Regular m
202 Van: 426.65874 176.03585 465.112391 207.474987 0 0 13 2.495986 2.203627 5.778503 -13.750233 2.794415 60.739374 Outside Regular s
204 Car: 640.162394 183.709992 666.67587 202.003499 0 0 12 1.479167 1.355913 3.513019 3.63522 2.411161 61.129383 Outside Regular m
204 Van: 418.196639 173.929585 459.237909 206.647245 0 0 13 2.495986 2.203627 5.778503 -13.811045 2.621778 58.468578 Outside Regular s
206 Car: 636.197402 181.106634 661.709645 199.08987 0 0 12 1.479167 1.355913 3.513019 3.292842 2.195064 61.773366 Outside Regular m
206 Van: 410.361515 172.076792 454.306756 206.136322 0 0 13 2.495986 2.203627 5.778503 -13.782702 2.481058 56.269622 Outside Regular s
208 Car: 635.256624 180.035044 660.901209 197.834398 0 0 12 1.479167 1.355913 3.513019 3.250312 2.111882 62.378292 Outside Regular m
208 Van: 403.27092 170.517612 450.444044 205.984947 0 0 13 2.495986 2.203627 5.778503 -13.665203 2.372256 54.142505 Outside Regular s
210 Car: 637.319589 179.013546 661.807555 196.910992 0 0 12 1.479167 1.355913 3.513019 3.359724 2.022196 62.024829 Outside Regular m
210 Van: 401.921832 170.096722 450.36914 207.064752 0 0 13 2.495986 2.203627 5.778503 -13.187799 2.350382 52.065521 Outside Regular s
212 Car: 647.993683 179.114023 670.810798 196.771084 0 0 12 1.479167 1.355913 3.513019 4.262564 2.036808 62.83257 Outside Regular m
212 Van: 403.020165 170.270412 452.885247 208.782086 0 0 13 2.495986 2.203627 5.778503 -12.559088 2.369329 50.097735 Outside Regular s
214 Car: 663.29583 179.133055 684.668917 196.520098 0 0 12 1.479167 1.355913 3.513019 5.616387 2.045659 63.761076 Outside Regular m
214 Van: 412.666256 170.981253 467.017555 211.196986 0 0 13 2.495986 2.203627 5.778503 -11.250526 2.420425 48.075575 Outside Regular s
216 Car: 686.530835 177.824168 707.097994 195.026619 0 0 12 1.479167 1.355913 3.513019 7.711977 1.936693 64.399376 Outside Regular m
216 Van: 432.058383 170.128348 487.722833 211.94809 0 0 13 2.495986 2.203627 5.778503 -9.550218 2.37325 46.328587 Outside Regular s
218 Car: 719.718991 175.613465 740.270136 192.7492 0 0 12 1.479167 1.355913 3.513019 10.710908 1.744865 64.623718 Outside Turning m
218 Van: 459.035977 167.428868 516.314092 211.070888 0 0 13 2.495986 2.203627 5.778503 -7.454443 2.22406 44.495502 Outside Turning s
220 Car: 758.360177 173.027238 779.22688 190.102963 0 0 12 1.479167 1.355913 3.513019 14.233129 1.518977 64.838746 Outside Turning m
220 Van: 492.008571 164.377801 551.246235 210.049023 0 0 13 2.495986 2.203627 5.778503 -5.130531 2.069703 42.624385 Outside Turning s
222 Van: 533.558297 161.457699 596.234172 209.395704 0 0 13 2.495986 2.203627 5.778503 -2.452634 1.938545 40.703759 Outside Turning s
224 Van: 579.507554 158.130523 645.917056 208.873047 0 0 13 2.495986 2.203627 5.778503 0.23791 1.807073 38.567615 Outside Turning s
226 Van: 630.883573 156.701346 701.178454 210.895345 0 0 13 2.495986 2.203627 5.778503 2.912586 1.785687 36.30562 Outside Turning s
228 Van: 689.357285 157.574747 763.734333 215.972685 0 0 13 2.495986 2.203627 5.778503 5.571395 1.874388 33.917776 Outside Turning s
230 Van: 750.061489 150.663324 833.528 214.528067 0 0 13 2.495986 2.203627 5.778503 7.969561 1.656714 31.255946 Outside Turning s
232 Van: 818.648482 143.88504 912.49892 214.668908 0 0 13 2.495986 2.203627 5.778503 10.173582 1.499035 28.453795 Inside Turning s
234 Van: 898.839838 137.171934 1004.952288 216.988515 0 0 13 2.495986 2.203627 5.778503 12.183457 1.40135 25.511322 Inside Turning m
236 Van: 991.558731 128.84705 1115.877943 220.704823 0 0 13 2.495986 2.203627 5.778503 13.907624 1.317551 22.461379 Inside Turning s
238 Van: 1103.968182 117.948443 1241.0 226.601991 0 0 13 2.495986 2.203627 5.778503 15.34608 1.247638 19.303966 Inside Turning m
242 Truck: 0.0 154.569715 61.321368 213.048111 1 1 14 3.038177 2.515129 11.664797 -34.247329 2.145171 40.420176 Outside Turning s
244 Truck: 0.0 155.9203 131.007469 217.444198 1 0 14 3.038177 2.515129 11.664797 -30.935641 2.271204 41.487749 Outside Turning s
246 Truck: 56.597746 156.709644 189.491891 217.730273 0 0 14 3.038177 2.515129 11.664797 -27.792505 2.302569 41.947165 Outside Turning s
248 Truck: 106.666697 160.206731 239.736309 221.411281 0 0 14 3.038177 2.515129 11.664797 -24.866447 2.480974 41.933198 Outside Turning s
250 Truck: 149.149585 160.398708 282.163203 222.114065 1 0 14 3.038177 2.515129 11.664797 -22.251811 2.49526 41.660894 Outside Turning s
252 Truck: 172.533335 157.433163 309.785684 220.489663 1 0 14 3.038177 2.515129 11.664797 -20.373906 2.363301 40.895921 Outside Turning s
254 Truck: 184.294359 153.751086 328.440166 218.84549 1 0 14 3.038177 2.515129 11.664797 -18.946563 2.212772 39.791374 Outside Regular s
256 Truck: 179.861114 150.546955 333.039449 218.581124 0 0 14 3.038177 2.515129 11.664797 -18.187371 2.107062 38.319804 Outside Regular s
258 Truck: 162.371789 150.8814 325.521643 222.698766 0 0 14 3.038177 2.515129 11.664797 -17.944332 2.17425 36.60999 Outside Regular s
260 Truck: 132.679149 145.130774 312.198961 221.6085 0 0 14 3.038177 2.515129 11.664797 -17.961601 2.000752 34.730125 Outside Regular s
262 Truck: 97.810221 141.480357 296.914662 223.313514 0 0 14 3.038177 2.515129 11.664797 -18.00881 1.93662 32.836922 Outside Regular s
264 Truck: 56.540205 140.399187 279.34889 228.448766 1 0 14 3.038177 2.515129 11.664797 -18.085959 1.981854 30.930378 Outside Regular s
266 Truck: 9.53083 132.412344 260.528953 227.672849 1 0 14 3.038177 2.515129 11.664797 -18.132065 1.81025 29.026461 Inside Regular m
268 Truck: 0.0 122.998607 239.533016 226.255063 1 0 14 3.038177 2.515129 11.664797 -18.178171 1.638646 27.122544 Inside Regular s
