26 Car: 538.417307 174.833882 571.381675 195.292195 0 0 0 1.421875 1.776562 3.617188 -3.32716 0.956111 52.332721 Outside Regular m
28 Car: 522.52161 174.698836 560.567917 198.374532 0 0 0 1.421875 1.776562 3.617188 -3.731099 1.012036 45.46618 Outside Regular m
30 Car: 500.695643 174.513502 546.076123 202.607773 0 0 0 1.421875 1.776562 3.617188 -4.135039 1.067962 38.599639 Outside Regular m
32 Car: 470.472049 175.285984 527.398745 209.793792 0 0 0 1.421875 1.776562 3.617188 -4.467708 1.166984 31.754788 Outside Regular m
34 Car: 424.493973 177.865573 501.36186 222.528728 0 0 0 1.421875 1.776562 3.617188 -4.729107 1.309104 24.931625 Inside Regular m
36 Car: 340.088695 181.951712 457.463817 245.905143 0 0 0 1.421875 1.776562 3.617188 -4.990506 1.451223 18.108463 Inside Regular m
38 Car: 152.355182 186.515948 377.225201 296.170349 0 0 0 1.421875 1.776562 3.617188 -5.124361 1.530984 11.45162 Inside Regular m
40 Car: 0.0 198.811447 165.891538 373.0 0 2 0 1.421875 1.776562 3.617188 -5.159415 1.604451 5.099875 Inside Regular s
54 Car: 569.149184 170.61075 595.537867 192.120238 0 0 1 1.46875 1.587251 4.025517 -1.31242 0.71927 51.622868 Outside Regular m
54 Car: 614.93494 168.91236 637.336518 188.432347 0 0 3 1.52381 1.673178 4.375085 2.09358 0.531724 58.923537 Outside Regular s
56 Car: 566.575753 167.317736 594.573859 189.802417 0 0 1 1.46875 1.587251 4.025517 -1.378335 0.534286 49.48085 Outside Regular m
56 Car: 615.375381 166.41441 638.155278 186.435055 0 0 3 1.52381 1.673178 4.375085 2.094213 0.364187 57.518061 Outside Regular m
58 Car: 564.417889 166.784584 593.539094 190.190835 0 0 1 1.46875 1.587251 4.025517 -1.431024 0.537417 47.612183 Outside Regular s
58 Car: 615.838856 163.786272 639.013435 184.333603 0 0 3 1.52381 1.673178 4.375085 2.094847 0.19665 56.112584 Outside Regular m
60 Car: 560.622558 169.824204 591.805164 194.301787 0 0 1 1.46875 1.587251 4.025517 -1.543917 0.762811 45.6006 Outside Regular m
60 Car: 615.443617 166.73572 639.160791 187.882219 0 0 3 1.52381 1.673178 4.375085 2.028102 0.449668 54.567127 Outside Regular m
62 Car: 557.175426 172.161847 590.495412 197.736207 0 0 1 1.46875 1.587251 4.025517 -1.622477 0.928907 43.714941 Outside Regular m
62 Car: 615.024399 169.864507 639.316342 191.646652 0 0 3 1.52381 1.673178 4.375085 1.961358 0.702685 53.02167 Outside Regular m
64 Car: 553.405416 174.721974 589.070985 201.493771 0 0 1 1.46875 1.587251 4.025517 -1.701037 1.095002 41.829281 Outside Regular m
64 Car: 614.317215 171.026539 639.393253 193.455224 0 0 3 1.52381 1.673178 4.375085 1.884976 0.806323 51.548736 Outside Regular m
66 Car: 550.733215 172.769183 587.888705 200.883833 0 0 1 1.46875 1.587251 4.025517 -1.729222 1.01005 39.936592 Outside Regular m
66 Car: 613.299069 170.035217 639.384446 193.119541 0 0 3 1.52381 1.673178 4.375085 1.798956 0.760582 50.148326 Outside Regular m
68 Car: 545.869601 172.352426 584.728953 202.042638 0 0 1 1.46875 1.587251 4.025517 -1.851578 1.013844 37.927741 Outside Regular m
68 Car: 612.220207 168.984076 639.37493 192.763739 0 0 3 1.52381 1.673178 4.375085 1.712936 0.71484 48.747917 Outside Regular m
68 Car: 589.628588 168.165979 610.780586 187.689152 1 0 6 1.5625 1.588582 3.645756 -0.040386 0.486872 59.945222 Outside Regular m
70 Car: 541.432927 172.152693 582.259317 203.483082 0 0 1 1.46875 1.587251 4.025517 -1.93024 1.028446 36.048471 Outside Regular m
70 Car: 612.14599 168.548937 640.014175 193.121251 0 0 3 1.52381 1.673178 4.375085 1.679504 0.71379 47.246528 Outside Regular m
70 Car: 523.705717 170.996883 553.259922 193.019166 1 0 4 1.4375 1.551252 3.930802 -4.268608 0.746819 49.390532 Outside Regular m
70 Car: 588.129733 167.625935 609.666688 187.765873 1 0 6 1.5625 1.588582 3.645756 -0.145131 0.477664 58.165806 Outside Regular m
72 Car: 537.551097 172.210182 580.613757 205.236732 0 0 1 1.46875 1.587251 4.025517 -1.965207 1.053856 34.298782 Outside Regular m
72 Car: 612.066713 168.083793 640.693418 193.5034 0 0 3 1.52381 1.673178 4.375085 1.646071 0.71274 45.745138 Outside Regular m
72 Car: 504.500967 171.664508 540.750232 197.852305 1 0 4 1.4375 1.551252 3.930802 -4.532607 0.894386 41.841445 Outside Regular m
72 Car: 586.533494 167.050794 608.484298 187.847592 1 0 6 1.5625 1.588582 3.645756 -0.249876 0.468457 56.386389 Outside Regular m
74 Car: 533.224712 172.274266 578.801464 207.191226 0 0 1 1.46875 1.587251 4.025517 -2.000174 1.079265 32.549092 Outside Regular m
74 Car: 611.398983 167.281836 640.87806 193.601006 0 0 3 1.52381 1.673178 4.375085 1.57869 0.69365 44.258217 Outside Regular m
74 Car: 476.331377 172.64413 523.029162 204.941287 0 0 4 1.4375 1.551252 3.930802 -4.796605 1.041953 34.292357 Outside Regular m
74 Car: 584.674082 166.110296 607.343006 187.56167 1 0 6 1.5625 1.588582 3.645756 -0.356588 0.432727 54.722688 Outside Regular m
76 Car: 528.034014 170.225263 576.169468 207.075328 0 0 1 1.46875 1.587251 4.025517 -2.066405 1.017431 30.951432 Outside Regular m
76 Car: 556.901034 170.92962 588.312406 196.484766 2 0 2 1.40625 1.544019 3.359635 -1.627447 0.821624 41.661907 Outside Regular m
76 Car: 610.078863 166.106906 640.518866 193.382707 0 0 3 1.52381 1.673178 4.375085 1.47736 0.656522 42.785764 Outside Regular m
76 Car: 431.232867 173.192131 496.16638 215.301282 0 0 4 1.4375 1.551252 3.930802 -5.055081 1.153935 26.753764 Inside Regular m
76 Car: 582.538846 164.775004 606.253615 186.874413 1 0 6 1.5625 1.588582 3.645756 -0.465268 0.370476 53.174703 Outside Regular m
78 Car: 522.236742 167.936812 573.269279 206.945858 0 0 1 1.46875 1.587251 4.025517 -2.132637 0.955596 29.353771 Inside Regular m
78 Car: 553.250863 170.687851 585.871833 197.311292 2 0 2 1.40625 1.544019 3.359635 -1.73378 0.832389 40.058567 Outside Regular s
78 Car: 608.659453 164.843514 640.135306 193.147977 0 0 3 1.52381 1.673178 4.375085 1.376031 0.619394 41.313311 Outside Regular m
78 Car: 351.215218 172.681852 451.802957 232.977379 0 0 4 1.4375 1.551252 3.930802 -5.253019 1.228448 19.280158 Inside Regular m
78 Car: 580.271799 163.356449 605.10052 186.144585 1 0 6 1.5625 1.588582 3.645756 -0.573948 0.308225 51.626717 Outside Regular m
80 Car: 516.515764 171.084522 570.494058 212.273311 0 0 1 1.46875 1.587251 4.025517 -2.186972 1.096383 27.900218 Inside Regular m
80 Car: 549.282243 170.425049 583.23627 198.210003 2 0 2 1.40625 1.544019 3.359635 -1.840113 0.843154 38.455228 Outside Regular m
80 Car: 607.732691 166.500184 640.046196 195.683572 0 0 3 1.52381 1.673178 4.375085 1.309314 0.734315 40.127648 Outside Regular m
80 Car: 159.151092 181.728079 367.432027 288.990397 0 0 4 1.4375 1.551252 3.930802 -5.298367 1.457278 11.786723 Inside Regular m
80 Car: 578.23797 165.261601 604.04694 188.600375 1 0 6 1.5625 1.588582 3.645756 -0.66856 0.466911 50.445821 Outside Regular m
82 Car: 510.622618 172.609481 567.78514 216.158213 0 0 1 1.46875 1.587251 4.025517 -2.229803 1.168734 26.494503 Inside Regular m
82 Car: 545.865404 171.606182 581.032205 200.430267 2 0 2 1.40625 1.544019 3.359635 -1.92084 0.921927 37.12806 Outside Regular m
82 Car: 606.74619 168.263758 639.951897 198.382766 0 0 3 1.52381 1.673178 4.375085 1.242598 0.849237 38.941985 Outside Regular m
82 Car: 576.103866 167.262026 602.94401 191.177771 1 0 6 1.5625 1.588582 3.645756 -0.763172 0.625597 49.264926 Outside Regular m
84 Car: 504.011392 174.320198 564.795195 220.516592 0 0 1 1.46875 1.587251 4.025517 -2.272633 1.241085 25.088788 Inside Regular m
84 Car: 542.182551 172.879053 578.672108 202.823555 2 0 2 1.40625 1.544019 3.359635 -2.001566 1.000701 35.800893 Outside Regular m
84 Car: 605.95991 169.312358 640.028536 200.369525 0 0 3 1.52381 1.673178 4.375085 1.18962 0.921777 37.827542 Outside Regular m
84 Car: 574.321022 168.214286 601.942362 192.678544 1 0 6 1.5625 1.588582 3.645756 -0.839484 0.708198 48.19663 Outside Regular m
86 Car: 497.135069 174.082615 562.603921 222.784473 0 0 1 1.46875 1.587251 4.025517 -2.307592 1.245683 23.894509 Inside Regular m
86 Car: 538.501955 173.358187 576.608098 204.453113 2 0 2 1.40625 1.544019 3.359635 -2.067491 1.037792 34.537133 Outside Regular m
86 Car: 605.398057 169.570403 640.480678 201.562737 0 0 3 1.52381 1.673178 4.375085 1.150379 0.951933 36.784319 Outside Regular m
86 Van: 496.695098 163.165639 539.033502 196.473792 2 0 5 1.914062 1.954688 4.484375 -5.035806 0.85351 43.973859 Outside Regular s
86 Car: 572.926696 168.036995 601.056 193.016116 1 0 6 1.5625 1.588582 3.645756 -0.897497 0.714713 47.240934 Outside Regular m
88 Car: 489.473671 173.817466 560.19745 225.311778 0 0 1 1.46875 1.587251 4.025517 -2.342551 1.25028 22.70023 Inside Regular m
88 Car: 534.847168 172.945714 574.882867 205.217248 2 0 2 1.40625 1.544019 3.359635 -2.118615 1.033201 33.336779 Outside Regular m
88 Car: 604.801324 169.844498 640.976132 202.83016 0 0 3 1.52381 1.673178 4.375085 1.111139 0.98209 35.741095 Outside Regular m
88 Van: 473.164976 162.45593 524.852816 201.986557 1 0 5 1.914062 1.954688 4.484375 -5.248022 0.986643 37.402493 Outside Regular m
88 Car: 571.472439 167.852093 600.134393 193.368216 1 0 6 1.5625 1.588582 3.645756 -0.95551 0.721229 46.285239 Outside Regular m
90 Car: 480.705063 173.69633 557.197682 228.243491 0 0 1 1.46875 1.587251 4.025517 -2.388785 1.259364 21.534586 Inside Regular m
90 Car: 530.905724 172.500629 573.034408 206.041364 1 0 2 1.40625 1.544019 3.359635 -2.169739 1.02861 32.136426 Outside Regular m
90 Car: 603.800648 169.39954 640.831272 203.166457 0 0 3 1.52381 1.673178 4.375085 1.056598 0.974433 34.965738 Outside Regular m
90 Van: 439.455834 161.415451 504.263602 210.024173 1 0 5 1.914062 1.954688 4.484375 -5.465904 1.119408 30.838077 Inside Regular m
90 Car: 566.890928 166.004958 596.507192 192.031782 1 0 6 1.5625 1.588582 3.645756 -1.196234 0.625716 45.41745 Outside Regular m
92 Car: 472.927867 173.72107 554.1984 231.635862 0 0 1 1.46875 1.587251 4.025517 -2.406356 1.272416 20.399211 Inside Regular m
92 Car: 528.129175 171.909855 571.350139 206.707417 1 0 2 1.40625 1.544019 3.359635 -2.19078 1.018324 31.040502 Inside Regular m
92 Car: 602.751509 168.933037 640.679328 203.519058 0 0 3 1.52381 1.673178 4.375085 1.002058 0.966775 34.190381 Outside Regular m
92 Van: 387.765764 160.017837 476.108985 222.981716 0 0 5 1.914062 1.954688 4.484375 -5.614244 1.258746 24.321529 Inside Regular m
92 Car: 567.586539 166.441881 597.79679 193.006007 1 0 6 1.5625 1.588582 3.645756 -1.110982 0.670748 44.533268 Outside Regular m
94 Car: 466.550633 173.721222 551.585546 235.468314 0 0 1 1.46875 1.587251 4.025517 -2.383987 1.28495 19.265472 Inside Regular m
94 Car: 525.367675 174.213058 569.753971 210.362212 1 0 2 1.40625 1.544019 3.359635 -2.202772 1.123652 29.944549 Inside Regular m
94 Car: 601.962207 168.976056 640.677947 204.279959 0 0 3 1.52381 1.673178 4.375085 0.961366 0.980074 33.53948 Outside Regular m
94 Van: 296.068234 157.826477 433.221246 246.893111 0 0 5 1.914062 1.954688 4.484375 -5.693044 1.404657 17.852849 Inside Regular m
94 Car: 567.377775 167.035712 598.114534 194.094579 1 0 6 1.5625 1.588582 3.645756 -1.087703 0.721815 43.749736 Outside Regular m
96 Car: 458.153512 175.518405 548.263537 240.982029 0 0 1 1.46875 1.587251 4.025517 -2.401334 1.336296 18.28578 Inside Regular m
96 Car: 521.829476 175.160677 567.939487 212.795574 1 0 2 1.40625 1.544019 3.359635 -2.226112 1.170831 28.82991 Inside Regular m
96 Car: 601.458778 169.560322 640.836672 205.465854 0 0 3 1.52381 1.673178 4.375085 0.934523 1.014329 33.013034 Outside Regular m
96 Van: 74.378406 152.53745 349.662762 304.680737 0 0 5 1.914062 1.954688 4.484375 -5.771843 1.550568 11.384171 Inside Regular m
96 Car: 566.214648 167.791 597.40732 195.296165 0 0 6 1.5625 1.588582 3.645756 -1.126397 0.778917 43.066854 Outside Regular m
98 Car: 448.679043 177.545415 544.604705 247.203751 0 0 1 1.46875 1.587251 4.025517 -2.41868 1.387642 17.306089 Inside Regular m
98 Car: 518.26243 175.725148 566.520695 214.918515 1 0 2 1.40625 1.544019 3.359635 -2.236426 1.200856 27.749235 Inside Regular m
98 Car: 600.937895 170.164864 641.00083 206.693035 0 0 3 1.52381 1.673178 4.375085 0.90768 1.048584 32.486587 Outside Regular m
98 Van: 0.0 140.595426 136.127363 373.0 0 1 5 1.914062 1.954688 4.484375 -5.80984 1.600168 5.187668 Inside Regular m
98 Car: 565.012357 168.571696 596.678241 196.538264 0 0 6 1.5625 1.588582 3.645756 -1.16509 0.83602 42.383973 Outside Regular m
100 Car: 438.372494 179.076909 541.839238 253.442962 0 0 1 1.46875 1.587251 4.025517 -2.416503 1.423454 16.333573 Inside Regular m
100 Car: 514.581624 176.187352 565.264221 217.193259 1 0 2 1.40625 1.544019 3.359635 -2.231904 1.226168 26.596048 Inside Regular m
100 Car: 600.824923 170.779917 641.598963 207.953851 0 0 3 1.52381 1.673178 4.375085 0.898525 1.082402 31.959366 Outside Regular m
100 Car: 564.431228 168.962042 596.508108 197.473286 0 0 6 1.5625 1.588582 3.645756 -1.165166 0.871626 41.60834 Outside Regular m
102 Car: 427.084635 179.781238 540.117037 259.685112 0 0 1 1.46875 1.587251 4.025517 -2.394803 1.443733 15.368233 Inside Regular m
102 Car: 510.543736 176.694442 563.90086 219.688642 1 0 2 1.40625 1.544019 3.359635 -2.227381 1.251481 25.44286 Inside Regular m
102 Car: 600.707948 171.417115 642.218548 209.260213 0 0 3 1.52381 1.673178 4.375085 0.88937 1.11622 31.432144 Outside Regular m
102 Car: 563.827132 169.367881 596.331628 198.44559 0 0 6 1.5625 1.588582 3.645756 -1.165243 0.907233 40.832707 Outside Regular m
104 Car: 414.0617 180.561627 538.18731 266.888367 0 0 1 1.46875 1.587251 4.025517 -2.373103 1.464012 14.402894 Inside Regular m
104 Car: 504.934611 178.023034 563.060292 222.536029 1 0 2 1.40625 1.544019 3.359635 -2.25997 1.298996 24.609976 Inside Regular m
104 Car: 600.586751 172.077674 642.860764 210.614632 0 0 3 1.52381 1.673178 4.375085 0.880215 1.150038 30.904922 Outside Regular m
104 Car: 563.067956 168.811531 596.071362 198.46834 0 0 6 1.5625 1.588582 3.645756 -1.171506 0.890512 40.072346 Outside Regular m
106 Car: 401.400244 180.507717 534.638948 272.637399 0 0 1 1.46875 1.587251 4.025517 -2.378391 1.46384 13.618464 Inside Regular m
106 Car: 500.135274 176.05652 561.395694 222.34241 1 0 2 1.40625 1.544019 3.359635 -2.281904 1.24291 23.72897 Inside Regular m
106 Car: 599.926211 170.103015 642.784147 209.177606 0 0 3 1.52381 1.673178 4.375085 0.849961 1.077423 30.513627 Outside Regular m
106 Car: 562.145094 167.235216 595.723055 197.483638 0 0 6 1.5625 1.588582 3.645756 -1.183957 0.821464 39.327258 Outside Regular m
108 Car: 387.461786 177.726197 530.872586 275.75216 0 0 1 1.46875 1.587251 4.025517 -2.382941 1.41464 12.859899 Inside Regular m
108 Car: 495.616158 174.875923 559.609729 222.953021 1 0 2 1.40625 1.544019 3.359635 -2.299693 1.214307 22.907229 Inside Regular m
108 Car: 599.247185 168.073187 642.705309 207.70018 0 0 3 1.52381 1.673178 4.375085 0.819706 1.004807 30.122332 Inside Regular m
108 Car: 561.184827 165.595059 595.361876 196.45897 0 0 6 1.5625 1.588582 3.645756 -1.196407 0.752416 38.58217 Outside Regular m
110 Car: 370.716682 176.808465 526.503223 282.496599 0 0 1 1.46875 1.587251 4.025517 -2.388439 1.406022 12.072842 Inside Regular m
110 Car: 491.447062 174.586968 557.704388 224.459595 1 0 2 1.40625 1.544019 3.359635 -2.313334 1.213186 22.144754 Inside Regular m
110 Car: 598.518672 166.956774 642.593646 207.149362 0 0 3 1.52381 1.673178 4.375085 0.788292 0.969381 29.73119 Outside Regular m
110 Car: 559.705204 165.152465 594.501984 196.647435 0 0 6 1.5625 1.588582 3.645756 -1.234555 0.746559 37.846178 Outside Regular m
112 Car: 354.162412 178.124521 522.14049 291.506356 0 0 1 1.46875 1.587251 4.025517 -2.39277 1.427683 11.389605 Inside Regular m
112 Car: 486.954963 174.275707 555.673012 226.08302 1 0 2 1.40625 1.544019 3.359635 -2.326975 1.212066 21.382278 Inside Regular m
112 Car: 597.738537 166.793162 642.447745 207.56534 0 0 3 1.52381 1.673178 4.375085 0.755718 0.971145 29.3402 Outside Regular m
112 Car: 558.163836 164.691444 593.609565 196.843771 0 0 6 1.5625 1.588582 3.645756 -1.272702 0.740701 37.110187 Outside Regular m
114 Car: 335.004988 179.468749 517.309326 301.932717 0 0 1 1.46875 1.587251 4.025517 -2.397101 1.449344 10.706368 Inside Regular m
114 Car: 482.680044 174.099189 553.0963 227.722697 1 0 2 1.40625 1.544019 3.359635 -2.35062 1.214186 20.72064 Inside Regular m
114 Car: 596.935614 166.624787 642.297508 207.993504 0 0 3 1.52381 1.673178 4.375085 0.723143 0.972909 28.94921 Inside Regular m
114 Car: 556.81609 164.678333 592.942554 197.463146 0 0 6 1.5625 1.588582 3.645756 -1.29968 0.756024 36.429109 Outside Regular m
116 Car: 315.402866 180.685935 512.284083 312.918247 0 0 1 1.46875 1.587251 4.025517 -2.402774 1.471442 10.101109 Inside Regular m
116 Car: 478.097833 173.910161 550.361682 229.481291 1 0 2 1.40625 1.544019 3.359635 -2.374264 1.216306 20.059001 Inside Regular m
116 Car: 596.609362 166.709494 642.644633 208.692639 0 0 3 1.52381 1.673178 4.375085 0.708958 0.984146 28.557818 Inside Regular m
116 Car: 555.680183 165.140108 592.516117 198.527967 0 0 6 1.5625 1.588582 3.645756 -1.315488 0.792527 35.802946 Outside Regular m
118 Car: 295.84842 182.055607 507.136281 324.262743 0 0 1 1.46875 1.587251 4.025517 -2.409788 1.493976 9.573828 Inside Regular m
118 Car: 473.782853 174.213613 550.725335 231.454847 1 0 2 1.40625 1.544019 3.359635 -2.357323 1.229394 19.508378 Inside Regular m
118 Car: 596.273333 166.796749 643.002094 209.412901 0 0 3 1.52381 1.673178 4.375085 0.694773 0.995384 28.166427 Inside Regular m
118 Car: 554.501651 165.619232 592.075239 199.632739 0 0 6 1.5625 1.588582 3.645756 -1.331296 0.82903 35.176782 Outside Regular m
120 Car: 273.346878 183.554898 501.499105 337.317997 0 0 1 1.46875 1.587251 4.025517 -2.416803 1.51651 9.046547 Inside Regular m
120 Car: 469.607341 175.072496 548.772867 233.755361 1 0 2 1.40625 1.544019 3.359635 -2.382189 1.254623 19.069175 Inside Regular m
120 Car: 595.503412 166.892054 642.945558 210.160071 0 0 3 1.52381 1.673178 4.375085 0.665484 1.006806 27.775372 Inside Regular m
120 Car: 553.502204 164.755095 591.825898 199.23482 0 0 6 1.5625 1.588582 3.645756 -1.3436 0.799432 34.726156 Outside Regular m
122 Car: 257.053561 181.875455 498.761808 341.283372 0 0 1 1.46875 1.587251 4.025517 -2.427067 1.490649 8.751178 Inside Regular m
122 Car: 465.215534 175.975914 546.735938 236.175023 1 0 2 1.40625 1.544019 3.359635 -2.407054 1.279852 18.629971 Inside Regular m
122 Car: 594.279354 166.995777 642.455815 210.935373 0 0 3 1.52381 1.673178 4.375085 0.621093 1.018413 27.384653 Inside Regular s
122 Car: 552.475319 163.866841 591.570169 198.825906 0 0 6 1.5625 1.588582 3.645756 -1.355904 0.769835 34.27553 Outside Regular m
124 Car: 239.300459 180.099567 495.865133 345.603718 0 0 1 1.46875 1.587251 4.025517 -2.437332 1.464787 8.455808 Inside Regular m
124 Car: 461.436248 175.896838 544.698181 237.289442 1 0 2 1.40625 1.544019 3.359635 -2.435878 1.280588 18.301449 Inside Regular m
124 Car: 593.097106 167.14795 641.938219 211.694932 0 0 3 1.52381 1.673178 4.375085 0.580713 1.030627 27.041173 Inside Regular m
124 Car: 551.061415 163.38153 590.933438 198.743633 0 0 6 1.5625 1.588582 3.645756 -1.388796 0.757253 33.905605 Outside Regular m
126 Car: 227.619192 181.916824 492.265209 353.520093 0 0 1 1.46875 1.587251 4.025517 -2.453503 1.491012 8.27093 Inside Regular m
126 Car: 457.504208 175.814585 542.592421 238.448929 1 0 2 1.40625 1.544019 3.359635 -2.464701 1.281324 17.972927 Inside Regular m
126 Car: 591.965278 167.349732 641.39462 212.433649 0 0 3 1.52381 1.673178 4.375085 0.544345 1.043447 26.744931 Inside Regular m
126 Car: 549.258033 163.317018 589.907904 198.999924 0 0 6 1.5625 1.588582 3.645756 -1.442276 0.761686 33.616381 Outside Regular m
128 Car: 215.218602 183.799403 488.534337 361.925463 0 0 1 1.46875 1.587251 4.025517 -2.469674 1.517237 8.086051 Inside Regular m
128 Car: 453.919022 176.250091 540.575645 239.944025 1 0 2 1.40625 1.544019 3.359635 -2.494057 1.293198 17.702583 Inside Regular m
128 Car: 590.805803 167.556441 640.837748 213.190409 0 0 3 1.52381 1.673178 4.375085 0.507977 1.056268 26.448689 Inside Regular m
128 Car: 547.422274 163.251326 588.865026 199.260844 0 0 6 1.5625 1.588582 3.645756 -1.495756 0.766119 33.327157 Outside Regular m
130 Car: 202.029938 185.750915 484.665298 370.866517 0 0 1 1.46875 1.587251 4.025517 -2.485844 1.543462 7.901172 Inside Regular m
130 Car: 450.7381 177.224992 538.669976 241.775547 1 0 2 1.40625 1.544019 3.359635 -2.523947 1.31621 17.490417 Inside Regular m
130 Car: 589.373306 168.669954 640.043575 214.885389 0 0 3 1.52381 1.673178 4.375085 0.46384 1.099327 26.142493 Inside Regular m
130 Car: 545.804667 164.626709 587.432353 200.879973 0 0 6 1.5625 1.588582 3.645756 -1.556138 0.831423 33.113063 Outside Regular m
132 Car: 187.975407 187.775237 480.650335 373.0 0 0 1 1.46875 1.587251 4.025517 -2.502015 1.569687 7.716293 Inside Regular m
132 Car: 447.470294 178.226267 536.721797 243.657181 1 0 2 1.40625 1.544019 3.359635 -2.553836 1.339223 17.278251 Inside Regular m
132 Car: 587.616755 169.805592 638.890052 216.570611 0 0 3 1.52381 1.673178 4.375085 0.409828 1.141778 25.86005 Inside Regular m
132 Car: 544.164745 166.020864 585.982034 202.521667 0 0 6 1.5625 1.588582 3.645756 -1.616519 0.896727 32.898969 Outside Regular m
134 Car: 172.966627 189.876546 476.481093 373.0 0 0 1 1.46875 1.587251 4.025517 -2.518186 1.595912 7.531414 Inside Regular m
134 Car: 443.92382 178.588074 534.573019 244.924181 1 0 2 1.40625 1.544019 3.359635 -2.587846 1.347967 17.066478 Inside Regular m
134 Car: 586.178244 170.43457 638.034451 217.731259 0 0 3 1.52381 1.673178 4.375085 0.367246 1.166606 25.593412 Inside Regular m
134 Car: 542.676182 166.820577 584.679295 203.583572 0 0 6 1.5625 1.588582 3.645756 -1.668771 0.935858 32.676795 Outside Regular m
136 Car: 150.562307 189.849338 473.002158 373.0 0 0 1 1.46875 1.587251 4.025517 -2.515727 1.592325 7.253194 Inside Regular m
136 Car: 440.277921 178.959922 532.375328 246.226743 1 0 2 1.40625 1.544019 3.359635 -2.621856 1.356711 16.854705 Inside Regular m
136 Car: 585.071704 170.538093 637.488816 218.346837 0 0 3 1.52381 1.673178 4.375085 0.336096 1.173811 25.342579 Inside Regular m
136 Car: 541.341136 167.013672 583.526049 204.053758 0 0 6 1.5625 1.588582 3.645756 -1.712891 0.948815 32.446542 Outside Regular m
138 Car: 129.371605 189.780615 468.71561 373.0 0 0 1 1.46875 1.587251 4.025517 -2.533524 1.589048 7.045108 Inside Regular m
138 Car: 436.528349 179.320837 530.127037 247.566386 1 0 2 1.40625 1.544019 3.359635 -2.655866 1.365454 16.642932 Inside Regular m
138 Car: 583.940926 170.643884 636.93123 218.975898 0 0 3 1.52381 1.673178 4.375085 0.304946 1.181017 25.091746 Inside Regular m
138 Car: 539.985883 167.209674 582.357179 204.531131 0 0 6 1.5625 1.588582 3.645756 -1.757012 0.961773 32.216289 Outside Regular m
140 Car: 106.358151 189.708653 464.227042 373.0 0 0 1 1.46875 1.587251 4.025517 -2.551321 1.585771 6.837022 Inside Regular m
140 Car: 432.670614 179.643767 527.826382 248.944714 1 0 2 1.40625 1.544019 3.359635 -2.689876 1.374198 16.431159 Inside Regular m
140 Car: 583.058902 170.732421 636.635745 219.599657 0 0 3 1.52381 1.673178 4.375085 0.282438 1.187608 24.840756 Inside Regular m
140 Car: 538.717808 167.399246 581.500291 204.993458 0 0 6 1.5625 1.588582 3.645756 -1.791758 0.974128 31.995362 Outside Regular m
142 Car: 81.276192 189.633217 459.521827 373.0 0 0 1 1.46875 1.587251 4.025517 -2.569118 1.582494 6.628936 Inside Regular m
142 Car: 428.699962 179.974286 525.471517 250.363428 1 0 2 1.40625 1.544019 3.359635 -2.723886 1.382942 16.219385 Inside Regular m
142 Car: 582.157111 170.822942 636.33364 220.237393 0 0 3 1.52381 1.673178 4.375085 0.259931 1.194198 24.589766 Inside Regular m
142 Car: 537.431038 167.591616 580.632128 205.462601 0 0 6 1.5625 1.588582 3.645756 -1.826505 0.986484 31.774434 Outside Regular m
144 Car: 53.833717 189.554048 454.583893 373.0 0 0 1 1.46875 1.587251 4.025517 -2.586914 1.579217 6.42085 Inside Regular m
144 Car: 425.543913 179.838718 523.85079 251.067054 1 0 2 1.40625 1.544019 3.359635 -2.744923 1.379977 16.041677 Inside Regular m
144 Car: 581.466656 170.757739 636.188128 220.669562 0 0 3 1.52381 1.673178 4.375085 0.243844 1.195511 24.366519 Inside Regular m
144 Car: 536.288122 168.065695 579.851535 206.211572 0 0 6 1.5625 1.588582 3.645756 -1.855829 1.010291 31.558031 Inside Regular m
146 Car: 21.933514 189.505964 449.150488 373.0 0 0 1 1.46875 1.587251 4.025517 -2.604884 1.576202 6.200266 Inside Regular m
146 Car: 422.794523 179.241642 522.591547 251.227494 1 0 2 1.40625 1.544019 3.359635 -2.756315 1.365907 15.863783 Inside Regular m
146 Car: 580.996588 170.532314 636.204531 220.888268 0 0 3 1.52381 1.673178 4.375085 0.234177 1.191547 24.171015 Inside Regular m
146 Car: 535.292721 168.827432 579.160557 207.246221 0 0 6 1.5625 1.588582 3.645756 -1.879732 1.045551 31.346153 Inside Regular m
146 Car: 501.013937 172.925948 534.833846 193.34064 1 0 7 1.34375 1.760937 3.976562 -5.737874 0.775353 49.925513 Outside Regular s
148 Car: 0.0 189.491323 443.154879 373.0 0 0 1 1.46875 1.587251 4.025517 -2.623025 1.573449 5.967184 Inside Regular m
148 Car: 420.600271 179.442117 521.646467 252.237877 0 0 2 1.40625 1.544019 3.359635 -2.762596 1.371135 15.714192 Inside Regular m
148 Car: 580.518083 170.302843 636.221227 221.1109 0 0 3 1.52381 1.673178 4.375085 0.22451 1.187582 23.975511 Inside Regular m
148 Car: 534.282906 169.600148 578.460706 208.295879 0 0 6 1.5625 1.588582 3.645756 -1.903634 1.08081 31.134275 Inside Regular m
148 Car: 490.306796 173.381211 527.534768 195.778232 1 0 7 1.34375 1.760937 3.976562 -5.818513 0.85387 45.682836 Outside Regular m
150 Car: 0.0 189.475799 436.797654 373.0 0 0 1 1.46875 1.587251 4.025517 -2.641167 1.570697 5.734102 Inside Regular m
150 Car: 418.992453 180.448421 521.028353 254.119469 0 0 2 1.40625 1.544019 3.359635 -2.763765 1.395658 15.592903 Inside Regular m
150 Car: 580.2213 170.057298 636.089111 221.016188 0 0 3 1.52381 1.673178 4.375085 0.216885 1.181167 23.911234 Inside Regular m
150 Car: 533.864773 169.430544 578.323283 208.400063 0 0 6 1.5625 1.588582 3.645756 -1.902625 1.077358 30.928618 Inside Regular m
150 Car: 477.294732 173.934294 518.810511 198.740821 1 0 7 1.34375 1.760937 3.976562 -5.899153 0.932387 41.44016 Outside Regular m
152 Car: 0.0 189.17541 432.326572 373.0 0 1 1 1.46875 1.587251 4.025517 -2.658131 1.566013 5.597882 Outside Regular m
152 Car: 418.013654 180.229955 520.932401 254.497615 0 0 2 1.40625 1.544019 3.359635 -2.752234 1.390622 15.471335 Inside Regular s
152 Car: 579.922754 169.810298 635.956211 220.920912 0 0 3 1.52381 1.673178 4.375085 0.209259 1.174752 23.846957 Inside Regular m
152 Car: 533.440687 169.25853 578.18412 208.505732 0 0 6 1.5625 1.588582 3.645756 -1.901616 1.073907 30.722962 Inside Regular m
152 Car: 461.948085 174.597349 508.836487 202.338864 2 0 7 1.34375 1.760937 3.976562 -5.954151 1.00908 37.269171 Inside Regular m
154 Car: 0.0 188.864031 427.691966 373.0 0 1 1 1.46875 1.587251 4.025517 -2.675095 1.561329 5.461662 Outside Regular m
154 Car: 417.555265 179.817475 521.211005 254.594552 0 0 2 1.40625 1.544019 3.359635 -2.732815 1.381042 15.359015 Inside Regular m
154 Car: 580.106383 170.089648 636.291696 221.338264 0 0 3 1.52381 1.673178 4.375085 0.216025 1.184101 23.788538 Inside Regular m
154 Car: 533.168995 169.681971 578.364789 209.232683 0 0 6 1.5625 1.588582 3.645756 -1.889176 1.09459 30.499912 Inside Regular m
154 Car: 443.434167 175.409846 497.229701 206.802977 2 0 7 1.34375 1.760937 3.976562 -5.983509 1.083948 33.16987 Inside Regular m
156 Car: 0.0 189.125954 424.733074 373.0 0 1 1 1.46875 1.587251 4.025517 -2.678378 1.562834 5.346622 Outside Regular s
156 Car: 417.081016 178.715847 521.486913 253.979109 0 0 2 1.40625 1.544019 3.359635 -2.713542 1.357959 15.246655 Inside Regular m
156 Car: 580.775969 170.899391 637.099093 222.272082 0 0 3 1.52381 1.673178 4.375085 0.237182 1.209214 23.735976 Inside Regular m
156 Car: 533.053035 170.715811 578.872147 210.596628 0 0 6 1.5625 1.588582 3.645756 -1.865306 1.139408 30.25947 Inside Regular m
156 Car: 419.305332 176.467801 482.56401 212.621236 2 0 7 1.34375 1.760937 3.976562 -6.012867 1.158816 29.070569 Inside Regular s
158 Car: 0.0 189.986239 423.555706 373.0 0 1 1 1.46875 1.587251 4.025517 -2.667979 1.570529 5.252762 Outside Regular s
158 Car: 416.620342 179.310222 521.78308 255.210106 0 0 2 1.40625 1.544019 3.359635 -2.693892 1.369698 15.134398 Inside Regular m
158 Car: 581.448841 171.713086 637.910427 223.210477 0 0 3 1.52381 1.673178 4.375085 0.258339 1.234327 23.683415 Inside Regular m
158 Car: 532.935433 171.767498 579.387024 211.983502 0 0 6 1.5625 1.588582 3.645756 -1.841436 1.184226 30.019028 Inside Regular m
158 Car: 386.241923 179.211554 464.167496 221.855919 2 0 7 1.34375 1.760937 3.976562 -6.028844 1.275473 24.949866 Inside Regular m
160 Car: 0.0 190.869157 422.347364 373.0 0 1 1 1.46875 1.587251 4.025517 -2.657581 1.578224 5.158902 Outside Regular m
160 Car: 416.166062 180.778898 522.094109 257.683629 0 0 2 1.40625 1.544019 3.359635 -2.673996 1.404161 15.022209 Inside Regular m
160 Car: 582.12502 172.530759 638.725727 224.153485 0 0 3 1.52381 1.673178 4.375085 0.279496 1.25944 23.630853 Inside Regular m
160 Car: 533.457015 172.461926 579.962421 213.015074 0 0 6 1.5625 1.588582 3.645756 -1.804146 1.214443 29.785143 Inside Regular m
160 Car: 338.710813 182.511312 439.128413 235.130617 1 0 7 1.34375 1.760937 3.976562 -6.04482 1.392131 20.829163 Inside Regular m
160 Car: 506.803492 168.753477 540.644698 194.015411 1 0 8 1.664062 1.721875 4.367188 -5.338663 0.81822 50.02157 Outside Regular s
162 Car: 0.0 191.706059 421.648932 373.0 0 1 1 1.46875 1.587251 4.025517 -2.646902 1.585522 5.085351 Outside Regular m
162 Car: 415.69126 181.383439 522.399496 259.092931 0 0 2 1.40625 1.544019 3.359635 -2.654322 1.418223 14.90996 Inside Regular m
162 Car: 582.833908 173.282627 639.529077 224.990107 0 0 3 1.52381 1.673178 4.375085 0.30111 1.282279 23.595393 Inside Regular m
162 Car: 533.987705 173.167975 580.546138 214.064197 0 0 6 1.5625 1.588582 3.645756 -1.766856 1.244659 29.551258 Inside Regular m
162 Car: 264.470583 186.028527 403.084745 254.444259 1 0 7 1.34375 1.760937 3.976562 -6.052698 1.477841 16.685396 Inside Regular m
162 Car: 495.696555 169.508522 533.581702 197.269885 1 0 8 1.664062 1.721875 4.367188 -5.450504 0.940524 45.709601 Outside Regular s
164 Car: 0.0 193.528417 419.070854 373.0 0 1 1 1.46875 1.587251 4.025517 -2.650532 1.602008 4.996339 Outside Regular m
164 Car: 415.103799 182.746745 523.153832 261.339235 0 0 2 1.40625 1.544019 3.359635 -2.634232 1.449592 14.81651 Inside Regular m
164 Car: 583.628136 174.336919 640.544625 226.244291 0 0 3 1.52381 1.673178 4.375085 0.326301 1.314511 23.512455 Inside Regular m
164 Car: 533.821559 173.631454 581.013438 214.929325 0 0 6 1.5625 1.588582 3.645756 -1.743663 1.265484 29.279228 Inside Regular m
164 Car: 131.463095 190.035582 346.445119 287.059434 2 0 7 1.34375 1.760937 3.976562 -6.052478 1.532603 12.518565 Outside Regular m
164 Car: 482.148829 170.429749 525.120126 201.239452 1 0 8 1.664062 1.721875 4.367188 -5.562345 1.062829 41.397632 Outside Regular m
166 Car: 0.0 195.397915 416.426113 373.0 0 1 1 1.46875 1.587251 4.025517 -2.654162 1.618493 4.907328 Outside Regular s
166 Car: 414.509738 184.126242 523.916182 263.616153 0 0 2 1.40625 1.544019 3.359635 -2.614143 1.48096 14.723061 Inside Regular m
166 Car: 584.514043 175.704272 641.781684 227.929369 0 0 3 1.52381 1.673178 4.375085 0.355071 1.356136 23.382038 Inside Regular m
166 Car: 532.938327 173.8472 581.362279 215.608068 0 0 6 1.5625 1.588582 3.645756 -1.734569 1.276918 28.969053 Inside Regular s
166 Car: 0.0 197.269618 244.20976 360.119964 3 2 7 1.34375 1.760937 3.976562 -6.052259 1.587366 8.351735 Outside Regular m
166 Car: 466.067833 171.358878 515.183919 205.99837 2 0 8 1.664062 1.721875 4.367188 -5.639734 1.174908 37.059185 Outside Regular m
168 Car: 0.0 192.720968 414.089839 373.0 0 1 1 1.46875 1.587251 4.025517 -2.645469 1.591031 4.797239 Outside Regular m
168 Car: 413.719732 184.372197 524.13667 264.731472 0 0 2 1.40625 1.544019 3.359635 -2.594816 1.486045 14.592036 Inside Regular m
168 Car: 585.42179 176.306622 643.092471 228.897743 0 0 3 1.52381 1.673178 4.375085 0.384521 1.374972 23.23426 Inside Regular m
168 Car: 532.036924 174.068072 581.717011 216.30196 0 0 6 1.5625 1.588582 3.645756 -1.725475 1.288353 28.658878 Inside Regular m
168 Car: 446.325534 172.301395 503.202595 211.897883 2 0 8 1.664062 1.721875 4.367188 -5.682673 1.276761 32.694257 Inside Regular m
168 Car: 496.577672 175.921584 531.512929 200.02015 1 0 9 1.4375 1.6125 4.5 -5.479589 1.103274 45.607965 Outside Regular m
170 Car: 0.0 196.396995 412.184528 373.0 0 1 1 1.46875 1.587251 4.025517 -2.623335 1.623095 4.666381 Outside Regular m
170 Car: 412.72027 183.458501 523.803302 264.660203 0 0 2 1.40625 1.544019 3.359635 -2.57625 1.464846 14.423436 Inside Regular m
170 Car: 586.354103 176.12924 644.481821 229.136606 0 0 3 1.52381 1.673178 4.375085 0.414651 1.37102 23.06912 Inside Regular m
170 Car: 531.590263 172.901037 581.684924 215.732943 0 0 6 1.5625 1.588582 3.645756 -1.711806 1.249303 28.287645 Inside Regular m
170 Car: 419.983227 173.558239 487.796924 219.77013 2 0 8 1.664062 1.721875 4.367188 -5.725612 1.378615 28.32933 Inside Regular m
170 Car: 483.150937 176.358523 523.11482 203.271257 2 0 9 1.4375 1.6125 4.5 -5.550553 1.162184 41.072743 Outside Regular m
172 Car: 0.0 194.658152 410.138554 373.0 0 1 1 1.46875 1.587251 4.025517 -2.601749 1.60454 4.535373 Outside Regular m
172 Car: 411.695245 182.525951 523.461878 264.586665 0 0 2 1.40625 1.544019 3.359635 -2.557683 1.443648 14.254836 Inside Regular s
172 Car: 587.364801 175.970389 645.939902 229.385148 0 0 3 1.52381 1.673178 4.375085 0.446505 1.367636 22.909979 Inside Regular m
172 Car: 531.131081 171.700958 581.651837 215.147617 0 0 6 1.5625 1.588582 3.645756 -1.698137 1.210253 27.916411 Inside Regular s
172 Car: 381.443555 172.857124 467.128906 228.446815 2 0 8 1.664062 1.721875 4.367188 -5.784342 1.406273 23.917054 Inside Regular m
172 Car: 466.172856 176.911079 512.752598 207.382169 2 0 9 1.4375 1.6125 4.5 -5.621518 1.221095 36.537521 Inside Regular m
174 Car: 0.0 193.459949 408.016181 373.0 0 1 1 1.46875 1.587251 4.025517 -2.580103 1.591432 4.404381 Outside Regular m
174 Car: 409.095491 182.315795 523.291508 265.438607 0 0 2 1.40625 1.544019 3.359635 -2.550541 1.438867 14.083 Inside Regular s
174 Car: 588.45482 175.830637 647.467034 229.643379 0 0 3 1.52381 1.673178 4.375085 0.480083 1.364823 22.756838 Inside Regular m
174 Car: 530.678071 171.145734 581.428325 215.152471 0 0 6 1.5625 1.588582 3.645756 -1.690546 1.194911 27.58734 Inside Regular m
174 Car: 323.27591 171.798602 438.049403 241.541212 1 0 8 1.664062 1.721875 4.367188 -5.843073 1.433932 19.504778 Inside Regular m
174 Car: 445.183715 177.040328 500.082057 211.746873 2 0 9 1.4375 1.6125 4.5 -5.720173 1.253328 32.352042 Inside Regular m
176 Car: 0.0 195.820025 405.457623 373.0 0 1 1 1.46875 1.587251 4.025517 -2.566626 1.610054 4.281926 Outside Regular s
176 Car: 406.426046 182.100914 523.116277 266.313644 0 0 2 1.40625 1.544019 3.359635 -2.543399 1.434086 13.911163 Inside Regular m
176 Car: 589.561204 175.68879 649.01706 229.905484 0 0 3 1.52381 1.673178 4.375085 0.51366 1.362009 22.603697 Inside Regular m
176 Car: 530.234276 171.262973 581.008528 215.77054 0 0 6 1.5625 1.588582 3.645756 -1.689033 1.203277 27.300431 Inside Regular m
176 Car: 227.792944 170.420664 395.315395 263.605137 1 0 8 1.664062 1.721875 4.367188 -5.886705 1.46805 15.145442 Inside Regular m
176 Car: 417.416261 177.211337 483.92412 217.5209 2 0 9 1.4375 1.6125 4.5 -5.818828 1.285561 28.166562 Inside Regular m
178 Car: 0.0 193.007795 402.343739 373.0 0 1 1 1.46875 1.587251 4.025517 -2.562149 1.583597 4.167782 Outside Regular m
178 Car: 403.190898 182.283321 521.730862 267.687631 0 0 2 1.40625 1.544019 3.359635 -2.554565 1.437856 13.747674 Inside Regular m
178 Car: 589.38836 175.502733 648.880925 229.753754 0 0 3 1.52381 1.673178 4.375085 0.508514 1.356834 22.591008 Inside Regular m
178 Car: 529.781299 171.382872 580.579679 216.402823 0 0 6 1.5625 1.588582 3.645756 -1.687521 1.211643 27.013522 Inside Regular m
178 Car: 40.364377 168.265848 325.739226 307.778768 2 0 8 1.664062 1.721875 4.367188 -5.91524 1.508626 10.839045 Inside Regular m
178 Car: 378.438195 178.659246 462.31062 226.889977 2 0 9 1.4375 1.6125 4.5 -5.912609 1.354722 23.908874 Inside Regular m
180 Car: 0.0 192.407169 399.13979 373.0 0 1 1 1.46875 1.587251 4.025517 -2.55746 1.576701 4.053696 Outside Regular m
180 Car: 399.370744 182.8753 519.099481 269.579628 0 0 2 1.40625 1.544019 3.359635 -2.584039 1.450176 13.592531 Inside Regular m
180 Car: 589.2153 175.316447 648.744621 229.601832 0 0 3 1.52381 1.673178 4.375085 0.503367 1.351659 22.578318 Inside Regular m
180 Car: 527.978329 173.04212 579.191337 218.389185 0 0 6 1.5625 1.588582 3.645756 -1.73508 1.271957 26.831207 Inside Regular m
180 Car: 0.0 166.74713 187.411322 365.459904 3 2 8 1.664062 1.721875 4.367188 -5.943774 1.549203 6.532648 Outside Regular m
180 Car: 319.493768 181.72217 431.837299 242.621756 1 0 9 1.4375 1.6125 4.5 -6.001516 1.460812 19.578978 Inside Regular m
180 Van: 494.995746 168.936012 532.371044 199.549628 1 0 10 1.796875 1.668103 4.338156 -5.394898 1.055173 44.743543 Outside Regular s
182 Car: 0.0 194.904025 395.849538 373.0 0 1 1 1.46875 1.587251 4.025517 -2.552491 1.595649 3.939686 Outside Regular s
182 Car: 395.449489 183.47909 516.414055 271.522572 0 0 2 1.40625 1.544019 3.359635 -2.613512 1.462496 13.437389 Inside Regular m
182 Car: 589.083355 175.704031 648.386968 229.783932 0 0 3 1.52381 1.673178 4.375085 0.497975 1.362032 22.655812 Inside Regular m
182 Car: 526.148775 174.725598 577.785279 220.4049 0 0 6 1.5625 1.588582 3.645756 -1.78264 1.332271 26.648891 Inside Regular m
182 Car: 0.0 181.596364 130.866245 373.0 3 2 8 1.664062 1.721875 4.367188 -5.954574 1.682377 5.486969 Outside Regular m
182 Car: 221.270076 186.132335 386.28921 268.833476 1 0 9 1.4375 1.6125 4.5 -6.090424 1.566901 15.249081 Inside Regular m
182 Van: 479.274176 170.251269 521.987058 204.420807 1 0 10 1.796875 1.668103 4.338156 -5.584062 1.202627 40.309137 Outside Regular s
184 Car: 0.0 200.748168 391.298579 373.0 0 1 1 1.46875 1.587251 4.025517 -2.550765 1.640526 3.808099 Outside Regular s
184 Car: 390.998319 187.051996 514.407152 277.569872 0 0 2 1.40625 1.544019 3.359635 -2.63209 1.536178 13.248002 Inside Regular m
184 Car: 588.993791 176.65392 647.815156 230.293914 0 0 3 1.52381 1.673178 4.375085 0.492335 1.387952 22.823488 Inside Regular m
184 Car: 524.279511 174.938796 576.43793 220.843716 0 0 6 1.5625 1.588582 3.645756 -1.833122 1.340747 26.526177 Inside Regular m
184 Car: 34.072752 188.756733 315.882592 313.471499 2 0 9 1.4375 1.6125 4.5 -6.103861 1.587567 10.963972 Outside Regular m
184 Van: 459.416284 171.912693 509.182211 210.573418 1 0 10 1.796875 1.668103 4.338156 -5.773226 1.350081 35.874731 Outside Regular m
186 Car: 0.0 198.332176 385.407291 373.0 0 1 1 1.46875 1.587251 4.025517 -2.553296 1.61746 3.658655 Outside Regular m
186 Car: 386.325205 185.862314 512.294532 277.541801 0 0 2 1.40625 1.544019 3.359635 -2.651744 1.510313 13.05832 Inside Regular m
186 Car: 588.90567 177.588473 647.252573 230.795689 0 0 3 1.52381 1.673178 4.375085 0.486696 1.413872 22.991164 Inside Regular m
186 Car: 522.384055 173.658137 575.158215 219.678905 0 0 6 1.5625 1.588582 3.645756 -1.886525 1.297386 26.463063 Inside Regular m
186 Car: 0.0 193.899364 177.949532 364.359483 3 2 9 1.4375 1.6125 4.5 -6.117299 1.608233 6.678863 Outside Regular m
186 Van: 435.662653 170.340219 494.024183 214.553339 2 0 10 1.796875 1.668103 4.338156 -5.933568 1.342238 31.64481 Inside Regular s
188 Car: 0.0 200.574638 379.19736 373.0 0 1 1 1.46875 1.587251 4.025517 -2.555428 1.631192 3.50932 Outside Regular m
188 Car: 381.931054 184.12728 510.273009 276.666062 0 0 2 1.40625 1.544019 3.359635 -2.671152 1.474114 12.890257 Inside Regular m
188 Car: 588.622511 175.307807 646.357214 227.960618 0 0 3 1.52381 1.673178 4.375085 0.474456 1.34596 23.211562 Inside Regular m
188 Car: 520.479494 172.370673 573.872363 218.508318 0 0 6 1.5625 1.588582 3.645756 -1.939928 1.254024 26.39995 Inside Regular m
188 Van: 403.940169 168.241451 474.536107 219.868354 2 0 10 1.796875 1.668103 4.338156 -6.09391 1.334395 27.414889 Inside Regular m
190 Car: 0.0 200.001617 372.642216 373.0 0 1 1 1.46875 1.587251 4.025517 -2.557799 1.622944 3.35992 Outside Regular m
190 Car: 377.871708 182.970467 508.367549 276.386158 0 0 2 1.40625 1.544019 3.359635 -2.690068 1.450355 12.743881 Inside Regular m
190 Car: 588.345222 173.074523 645.480452 225.184291 0 0 3 1.52381 1.673178 4.375085 0.462216 1.278047 23.431959 Inside Regular m
190 Car: 519.748447 171.962887 573.217584 217.958399 0 0 6 1.5625 1.588582 3.645756 -1.971014 1.239062 26.475516 Inside Regular m
190 Van: 360.458746 166.336042 450.181724 228.473211 2 0 10 1.796875 1.668103 4.338156 -6.199822 1.357689 23.144638 Inside Regular m
192 Car: 0.0 200.272613 365.712249 373.0 0 1 1 1.46875 1.587251 4.025517 -2.560101 1.621069 3.210539 Outside Regular s
192 Car: 373.722839 183.067969 506.437434 277.76747 0 0 2 1.40625 1.544019 3.359635 -2.708709 1.451987 12.597581 Inside Regular m
192 Car: 588.110748 171.352013 644.570393 222.848624 0 0 3 1.52381 1.673178 4.375085 0.450511 1.223542 23.685981 Inside Regular m
192 Car: 519.021997 171.557563 572.566193 217.411886 0 0 6 1.5625 1.588582 3.645756 -2.002099 1.2241 26.551081 Inside Regular m
192 Van: 295.89916 164.75716 417.837263 242.951256 1 0 10 1.796875 1.668103 4.338156 -6.251305 1.412121 18.834057 Inside Regular m
194 Car: 0.0 200.426285 361.970522 373.0 0 1 1 1.46875 1.587251 4.025517 -2.564259 1.620397 3.142569 Inside Regular s
194 Car: 370.509504 181.257936 504.807695 276.257909 0 0 2 1.40625 1.544019 3.359635 -2.727089 1.416051 12.499604 Inside Regular m
194 Car: 587.918679 170.130372 643.632419 220.949031 0 0 3 1.52381 1.673178 4.375085 0.439341 1.182445 23.973626 Inside Regular m
194 Car: 518.996853 170.899435 572.051853 216.388854 0 0 6 1.5625 1.588582 3.645756 -2.027918 1.198526 26.751091 Inside Regular m
194 Van: 186.355693 162.074527 368.76573 267.513135 1 0 10 1.796875 1.668103 4.338156 -6.302788 1.466552 14.523477 Inside Regular m
194 Car: 473.788849 174.452334 518.535083 203.396684 1 0 11 1.421875 1.557812 4.15625 -5.466519 1.074119 37.754425 Outside Regular m
196 Car: 0.0 202.671494 361.719526 373.0 0 1 1 1.46875 1.587251 4.025517 -2.5701 1.6369 3.156059 Inside Regular m
196 Car: 367.289235 182.789139 503.19311 279.135787 0 0 2 1.40625 1.544019 3.359635 -2.744754 1.446081 12.401822 Inside Regular m
196 Car: 587.731611 168.940603 642.718911 219.09889 0 0 3 1.52381 1.673178 4.375085 0.428171 1.141348 24.261271 Inside Regular m
196 Car: 519.657152 170.004453 571.678222 214.915351 0 0 6 1.5625 1.588582 3.645756 -2.048469 1.162339 27.075544 Inside Regular m
196 Van: 0.0 157.187849 289.2775 316.374451 1 0 10 1.796875 1.668103 4.338156 -6.323185 1.524213 10.341118 Inside Regular m
196 Car: 452.997516 175.073089 505.39489 208.109689 1 0 11 1.421875 1.557812 4.15625 -5.601058 1.144646 33.331892 Outside Regular m
198 Car: 0.0 200.12797 361.469839 373.0 0 1 1 1.46875 1.587251 4.025517 -2.576314 1.618954 3.169446 Outside Regular s
198 Car: 365.537243 181.233277 502.035459 277.347851 0 0 2 1.40625 1.544019 3.359635 -2.762647 1.415594 12.37386 Inside Regular m
198 Car: 588.326113 168.264067 642.554712 217.731508 0 0 3 1.52381 1.673178 4.375085 0.440833 1.114875 24.570123 Inside Regular m
198 Car: 520.301374 169.132423 571.312602 213.478766 0 0 6 1.5625 1.588582 3.645756 -2.069021 1.126152 27.399998 Inside Regular m
198 Van: 0.0 156.647949 130.112511 354.480676 3 2 10 1.796875 1.668103 4.338156 -6.343583 1.581874 6.15876 Outside Regular s
198 Car: 427.209661 175.841515 489.674378 214.199841 2 0 11 1.421875 1.557812 4.15625 -5.692467 1.212427 28.994919 Inside Regular m
200 Car: 0.0 205.495601 361.221452 373.0 0 1 1 1.46875 1.587251 4.025517 -2.581911 1.658113 3.183003 Outside Regular s
200 Car: 365.362938 180.705257 501.400725 276.281436 0 0 2 1.40625 1.544019 3.359635 -2.779896 1.405209 12.415958 Inside Regular m
200 Car: 588.189935 170.100651 641.678922 218.892509 0 0 3 1.52381 1.673178 4.375085 0.430909 1.167162 24.879455 Inside Regular m
200 Car: 521.807916 170.0192 572.320134 213.37886 0 0 6 1.5625 1.588582 3.645756 -2.064826 1.148383 27.977751 Inside Regular m
200 Car: 391.511737 176.905072 468.855971 222.630329 2 0 11 1.421875 1.557812 4.15625 -5.783876 1.280209 24.657947 Inside Regular m
202 Car: 0.0 202.245305 366.171612 373.0 0 1 1 1.46875 1.587251 4.025517 -2.588511 1.638077 3.303173 Outside Regular s
202 Car: 365.238975 183.348773 500.805349 279.374586 0 0 2 1.40625 1.544019 3.359635 -2.79647 1.457166 12.45824 Inside Regular m
202 Car: 588.057418 171.887788 640.826705 220.022315 0 0 3 1.52381 1.673178 4.375085 0.420985 1.219449 25.188788 Inside Regular m
202 Car: 523.250432 170.868059 573.288372 213.283155 0 0 6 1.5625 1.588582 3.645756 -2.06063 1.170613 28.555503 Inside Regular m
202 Car: 341.587848 179.702187 442.186353 236.20767 2 0 11 1.421875 1.557812 4.15625 -5.824095 1.381716 20.383298 Inside Regular m
204 Car: 0.0 201.908503 370.888654 373.0 0 1 1 1.46875 1.587251 4.025517 -2.593072 1.639101 3.426949 Outside Regular s
204 Car: 367.163945 183.722846 500.878746 278.657807 0 0 2 1.40625 1.544019 3.359635 -2.813097 1.464942 12.595703 Inside Regular m
204 Car: 588.044187 172.201188 640.013717 219.605673 0 0 3 1.52381 1.673178 4.375085 0.415553 1.224884 25.542742 Inside Regular m
204 Car: 524.953273 171.057458 574.086486 212.365067 0 0 6 1.5625 1.588582 3.645756 -2.062792 1.167195 29.269727 Inside Regular m
204 Car: 261.235678 183.293427 402.985267 258.058215 1 0 11 1.421875 1.557812 4.15625 -5.864314 1.483223 16.108648 Inside Regular m
206 Car: 0.0 199.073217 375.96769 373.0 0 1 1 1.46875 1.587251 4.025517 -2.586442 1.620487 3.543282 Outside Regular s
206 Car: 369.020094 182.712021 500.93526 276.163956 0 0 2 1.40625 1.544019 3.359635 -2.830023 1.445078 12.733084 Inside Regular m
206 Car: 588.145009 171.104945 639.2427 217.714133 0 0 3 1.52381 1.673178 4.375085 0.414612 1.183466 25.941318 Inside Regular m
206 Car: 526.8713 170.634298 574.716278 210.700356 0 0 6 1.5625 1.588582 3.645756 -2.071313 1.138129 30.120423 Inside Regular m
206 Car: 113.488731 188.13474 340.975651 296.860422 1 0 11 1.421875 1.557812 4.15625 -5.910151 1.566933 11.90781 Inside Regular m
208 Car: 0.0 200.139911 381.679402 373.0 0 1 1 1.46875 1.587251 4.025517 -2.579966 1.631563 3.65239 Outside Regular s
208 Car: 372.210946 182.705269 501.459255 274.464147 0 0 2 1.40625 1.544019 3.359635 -2.846646 1.445273 12.937192 Inside Regular m
208 Car: 588.242534 170.044817 638.497039 215.885144 0 0 3 1.52381 1.673178 4.375085 0.413671 1.142049 26.339894 Inside Regular m
208 Car: 528.677402 170.235812 575.313271 209.132961 0 0 6 1.5625 1.588582 3.645756 -2.079834 1.109063 30.971118 Inside Regular m
208 Car: 0.0 195.717957 228.372314 371.724891 3 2 11 1.421875 1.557812 4.15625 -5.961608 1.632845 7.780781 Outside Regular m
208 Car: 490.970739 172.472547 527.345375 196.427273 0 0 12 1.40625 1.534375 3.8125 -5.662544 0.872863 44.54464 Outside Regular m
210 Car: 0.0 197.059576 383.494504 373.0 0 1 1 1.46875 1.587251 4.025517 -2.590871 1.609577 3.758892 Outside Regular s
210 Car: 376.570894 181.058253 502.395224 270.186698 0 0 2 1.40625 1.544019 3.359635 -2.863549 1.411583 13.207866 Inside Regular m
210 Car: 587.90037 171.933817 637.297865 216.98989 0 0 3 1.52381 1.673178 4.375085 0.397451 1.199926 26.758706 Inside Regular m
210 Car: 531.017917 171.155048 575.969285 208.787547 0 0 6 1.5625 1.588582 3.645756 -2.081254 1.132205 31.950747 Outside Regular m
210 Car: 475.809529 174.119619 515.764546 200.214127 1 0 12 1.40625 1.534375 3.8125 -5.977118 1.006739 41.044614 Outside Regular m
212 Car: 0.0 201.45771 386.160935 373.0 0 1 1 1.46875 1.587251 4.025517 -2.595885 1.647466 3.850598 Outside Regular s
212 Car: 380.808915 184.63388 503.355589 272.734799 0 0 2 1.40625 1.544019 3.359635 -2.879275 1.486849 13.478864 Inside Regular m
212 Car: 587.569735 173.75961 636.138772 218.057535 0 0 3 1.52381 1.673178 4.375085 0.381232 1.257803 27.177518 Inside Regular m
212 Car: 533.211358 172.016276 576.588217 208.463837 0 0 6 1.5625 1.588582 3.645756 -2.082674 1.155348 32.930377 Outside Regular m
212 Car: 456.562819 176.198214 502.219396 205.413199 1 0 12 1.40625 1.534375 3.8125 -6.201323 1.150978 36.858994 Outside Regular m
214 Car: 0.0 198.767487 388.408556 373.0 0 1 1 1.46875 1.587251 4.025517 -2.602378 1.62741 3.929962 Outside Regular s
214 Car: 384.823743 185.863972 504.257271 272.33278 0 0 2 1.40625 1.544019 3.359635 -2.895516 1.514439 13.749719 Inside Regular m
214 Car: 586.909305 174.782012 634.751603 218.415795 0 0 3 1.52381 1.673178 4.375085 0.3537 1.289776 27.556575 Inside Regular m
214 Car: 534.968434 172.653332 577.097015 208.072857 0 0 6 1.5625 1.588582 3.645756 -2.088027 1.17177 33.832833 Outside Regular m
214 Car: 430.892981 178.400936 485.828118 212.339701 2 0 12 1.40625 1.534375 3.8125 -6.304778 1.279202 31.985852 Inside Regular m
216 Car: 0.0 198.073366 389.980289 373.0 0 1 1 1.46875 1.587251 4.025517 -2.606639 1.62323 3.997833 Outside Regular s
216 Car: 388.612091 183.65311 505.089701 267.626874 0 0 2 1.40625 1.544019 3.359635 -2.91256 1.467752 14.020355 Inside Regular m
216 Car: 585.930641 175.041239 633.139987 218.097774 0 0 3 1.52381 1.673178 4.375085 0.314854 1.295846 27.895876 Inside Regular m
216 Car: 536.337301 173.089275 577.507112 207.61744 0 0 6 1.5625 1.588582 3.645756 -2.097312 1.181472 34.658117 Outside Regular m
216 Car: 399.038247 180.925881 465.658341 220.652248 2 0 12 1.40625 1.534375 3.8125 -6.462301 1.398115 27.773324 Inside Regular m
218 Car: 0.0 200.540958 389.306532 373.0 0 1 1 1.46875 1.587251 4.025517 -2.618452 1.645045 4.041507 Outside Regular s
218 Car: 392.295396 185.391088 505.93725 268.026287 0 0 2 1.40625 1.544019 3.359635 -2.928673 1.507192 14.291246 Inside Regular m
218 Car: 584.977573 175.293728 631.570226 217.788054 0 0 3 1.52381 1.673178 4.375085 0.276009 1.301916 28.235177 Outside Regular s
218 Car: 537.639065 173.503853 577.899019 207.184364 0 0 6 1.5625 1.588582 3.645756 -2.106598 1.191173 35.483401 Outside Regular m
218 Car: 354.774063 183.522102 438.962859 232.023465 2 0 12 1.40625 1.534375 3.8125 -6.540806 1.492574 23.291238 Inside Regular m
220 Car: 0.0 200.398571 389.845898 373.0 0 1 1 1.46875 1.587251 4.025517 -2.620684 1.644596 4.070103 Outside Regular s
220 Car: 395.808601 186.020358 506.744704 267.084747 0 0 2 1.40625 1.544019 3.359635 -2.945043 1.522876 14.562067 Inside Regular m
220 Car: 583.811684 176.275559 630.104357 218.495528 0 0 3 1.52381 1.673178 4.375085 0.232399 1.336248 28.402803 Inside Regular m
220 Car: 538.68456 173.861609 577.930436 207.043051 0 0 6 1.5625 1.588582 3.645756 -2.110978 1.202574 35.992993 Outside Regular m
220 Car: 285.687244 186.432143 399.721682 249.090502 0 0 12 1.40625 1.534375 3.8125 -6.5873 1.562458 18.637266 Inside Regular m
222 Car: 0.0 198.853397 389.267882 373.0 0 1 1 1.46875 1.587251 4.025517 -2.6323 1.63172 4.079155 Outside Regular s
222 Car: 399.173772 186.383185 507.522866 265.873447 0 0 2 1.40625 1.544019 3.359635 -2.961474 1.532909 14.83287 Inside Regular m
222 Car: 582.660728 177.244974 628.656987 219.193958 0 0 3 1.52381 1.673178 4.375085 0.188789 1.37058 28.570428 Inside Regular m
222 Car: 539.700326 174.208773 577.960456 206.905795 0 0 6 1.5625 1.588582 3.645756 -2.115358 1.213974 36.502585 Outside Regular m
222 Car: 164.010006 189.70221 340.349078 277.528711 1 0 12 1.40625 1.534375 3.8125 -6.596595 1.602828 13.981318 Inside Regular m
222 Car: 512.305829 177.070237 541.859786 198.686596 1 0 13 1.484375 1.58125 3.140625 -5.267432 1.180444 51.414086 Outside Regular m
224 Car: 0.0 200.506797 388.247478 373.0 0 1 1 1.46875 1.587251 4.025517 -2.643509 1.64546 4.068312 Outside Regular s
224 Car: 399.907685 186.826331 507.969685 265.837209 0 0 2 1.40625 1.544019 3.359635 -2.969505 1.543848 14.929347 Inside Regular m
224 Car: 581.634216 177.259747 627.482881 219.075739 0 0 3 1.52381 1.673178 4.375085 0.147569 1.370635 28.654873 Inside Regular m
224 Car: 540.422773 174.343743 578.272406 206.687197 0 0 6 1.5625 1.588582 3.645756 -2.111248 1.216696 36.881485 Outside Regular m
224 Car: 0.0 195.684764 231.745661 340.6658 3 2 12 1.40625 1.534375 3.8125 -6.605891 1.643197 9.325369 Outside Regular m
224 Car: 502.73615 177.138115 533.839335 200.768799 0 0 13 1.484375 1.58125 3.140625 -5.411591 1.211459 47.188186 Outside Regular s
226 Car: 0.0 200.284556 386.753268 373.0 0 1 1 1.46875 1.587251 4.025517 -2.649884 1.642834 4.039874 Outside Regular s
226 Car: 400.591632 184.520105 508.380194 262.369645 0 0 2 1.40625 1.544019 3.359635 -2.978225 1.490981 15.025635 Inside Regular m
226 Car: 580.721189 176.329209 626.568447 218.147488 0 0 3 1.52381 1.673178 4.375085 0.108739 1.336414 28.656137 Outside Regular m
226 Car: 540.86922 174.274906 578.86118 206.387536 0 0 6 1.5625 1.588582 3.645756 -2.098648 1.21074 37.129693 Outside Regular m
226 Car: 489.732008 177.24713 524.371626 203.321225 1 0 13 1.484375 1.58125 3.140625 -5.590634 1.243859 42.916088 Outside Regular s
228 Car: 0.0 196.841596 384.773893 373.0 0 1 1 1.46875 1.587251 4.025517 -2.654451 1.613087 4.005497 Outside Regular s
228 Car: 401.274405 182.789511 508.791703 259.639522 0 0 2 1.40625 1.544019 3.359635 -2.986807 1.450971 15.12196 Inside Regular m
228 Car: 579.808251 175.398897 625.654095 217.219158 0 0 3 1.52381 1.673178 4.375085 0.069909 1.302192 28.6574 Outside Regular m
228 Car: 541.310197 174.207031 579.441921 206.092083 0 0 6 1.5625 1.588582 3.645756 -2.086049 1.204784 37.377901 Outside Regular m
228 Car: 473.728414 177.381259 512.893847 206.462476 2 0 13 1.484375 1.58125 3.140625 -5.769677 1.276258 38.64399 Outside Regular m
230 Car: 0.0 200.530765 382.315666 373.0 0 1 1 1.46875 1.587251 4.025517 -2.664574 1.643347 3.980777 Outside Regular s
230 Car: 401.990936 184.032337 509.231123 260.629986 0 0 2 1.40625 1.544019 3.359635 -2.994637 1.480414 15.218492 Inside Regular m
230 Car: 578.863419 175.571677 624.771813 217.454346 0 0 3 1.52381 1.673178 4.375085 0.020066 1.308984 28.623139 Outside Regular m
230 Car: 541.49393 173.971794 578.626168 205.813012 0 0 6 1.5625 1.588582 3.645756 -2.106696 1.192751 37.436521 Outside Regular m
230 Car: 454.616603 177.931619 500.19792 210.907827 2 0 13 1.484375 1.58125 3.140625 -5.868302 1.326498 34.26343 Inside Regular m
232 Car: 0.0 200.475041 381.277442 373.0 0 1 1 1.46875 1.587251 4.025517 -2.668007 1.64254 3.967785 Outside Regular s
232 Car: 401.83033 184.80192 509.325366 261.350736 0 0 2 1.40625 1.544019 3.359635 -3.003345 1.498735 15.258572 Inside Regular m
232 Car: 577.917071 175.744857 623.886299 217.690069 0 0 3 1.52381 1.673178 4.375085 -0.029777 1.315776 28.588878 Outside Regular m
232 Car: 541.681466 173.737564 577.809841 205.534343 1 0 6 1.5625 1.588582 3.645756 -2.127344 1.180719 37.49514 Outside Regular m
232 Car: 429.591821 178.652335 483.965181 216.728307 2 0 13 1.484375 1.58125 3.140625 -5.966927 1.376739 29.88287 Inside Regular m
234 Car: 0.0 201.676006 379.658375 373.0 0 1 1 1.46875 1.587251 4.025517 -2.670111 1.651766 3.93997 Outside Regular s
234 Car: 400.793739 184.750911 509.073638 261.367571 0 0 2 1.40625 1.544019 3.359635 -3.01302 1.497504 15.242175 Inside Regular m
234 Car: 576.608415 176.097027 622.793026 218.244096 0 0 3 1.52381 1.673178 4.375085 -0.084308 1.329742 28.465781 Inside Regular m
234 Car: 541.991144 173.983972 577.585399 205.758091 1 0 6 1.5625 1.588582 3.645756 -2.127298 1.192747 37.524485 Outside Regular m
234 Car: 396.760906 180.024106 463.712843 225.181181 2 0 13 1.484375 1.58125 3.140625 -6.017376 1.443122 25.492257 Inside Regular m
236 Car: 0.0 199.626008 378.073047 373.0 0 1 1 1.46875 1.587251 4.025517 -2.667454 1.633538 3.891242 Outside Regular s
236 Car: 399.750324 184.306238 508.81633 260.894592 0 0 2 1.40625 1.544019 3.359635 -3.022796 1.487021 15.225751 Inside Regular m
236 Car: 574.918144 176.634307 621.478644 219.126742 0 0 3 1.52381 1.673178 4.375085 -0.143525 1.350883 28.253847 Outside Regular m
236 Car: 542.420198 174.710254 577.953218 206.483956 1 0 6 1.5625 1.588582 3.645756 -2.106559 1.228835 37.524554 Outside Regular m
236 Car: 350.808332 182.35238 437.076749 238.054562 1 0 13 1.484375 1.58125 3.140625 -6.019649 1.525648 21.09159 Inside Regular m
238 Car: 0.0 200.878256 376.461534 373.0 0 1 1 1.46875 1.587251 4.025517 -2.664503 1.642527 3.842595 Outside Regular s
238 Car: 397.690692 184.900907 507.83566 262.110131 0 0 2 1.40625 1.544019 3.359635 -3.036544 1.500615 15.141643 Inside Regular m
238 Car: 573.200037 177.180316 620.142787 220.023969 0 0 3 1.52381 1.673178 4.375085 -0.202742 1.372024 28.041913 Inside Regular m
238 Car: 542.84926 175.436522 578.321029 207.20983 1 0 6 1.5625 1.588582 3.645756 -2.085819 1.264923 37.524624 Outside Regular m
238 Car: 278.119624 185.803423 397.59897 258.415757 0 0 13 1.484375 1.58125 3.140625 -6.021923 1.608174 16.690924 Inside Regular m
238 Car: 600.947861 175.559704 627.149921 201.831758 2 0 16 1.476562 1.471875 2.226562 0.748907 1.144422 41.904435 Outside Regular m
240 Car: 0.0 204.595616 369.301007 373.0 0 1 1 1.46875 1.587251 4.025517 -2.675738 1.668058 3.693557 Outside Regular s
240 Car: 393.117353 188.489054 505.542431 267.998388 0 0 2 1.40625 1.544019 3.359635 -3.055877 1.582202 14.902506 Inside Regular m
240 Car: 570.638249 178.459336 618.259127 221.923372 0 0 3 1.52381 1.673178 4.375085 -0.283342 1.419667 27.674516 Inside Regular s
240 Car: 541.793929 176.140984 577.476009 208.136904 1 0 6 1.5625 1.588582 3.645756 -2.12109 1.301805 37.276732 Outside Regular m
240 Car: 141.233587 189.510787 330.956858 294.126743 1 0 13 1.484375 1.58125 3.140625 -6.018891 1.652051 12.173346 Inside Regular m
240 Car: 599.948968 176.499859 626.505383 203.132773 2 0 16 1.476562 1.471875 2.226562 0.677424 1.201723 41.358369 Outside Regular s
242 Car: 0.0 206.234664 361.754561 373.0 0 1 1 1.46875 1.587251 4.025517 -2.687163 1.675949 3.544466 Outside Regular s
242 Car: 386.777696 189.204861 502.532465 270.917747 0 0 2 1.40625 1.544019 3.359635 -3.078037 1.595195 14.575689 Inside Regular m
242 Car: 568.001283 179.730148 616.320537 223.878547 0 0 3 1.52381 1.673178 4.375085 -0.363942 1.467309 27.307118 Inside Regular m
242 Car: 540.723713 176.855316 576.620216 209.077098 1 0 6 1.5625 1.588582 3.645756 -2.156362 1.338688 37.02884 Outside Regular m
242 Car: 0.0 196.851035 199.042477 373.0 3 2 13 1.484375 1.58125 3.140625 -6.015859 1.695929 7.655767 Outside Regular m
242 Car: 598.823513 177.465448 625.840839 204.470097 2 0 16 1.476562 1.471875 2.226562 0.60594 1.259024 40.812304 Outside Regular m
244 Car: 380.069548 187.390781 499.370551 270.754915 0 0 2 1.40625 1.544019 3.359635 -3.100811 1.551496 14.248704 Inside Regular m
244 Car: 565.034573 178.876734 614.197883 223.749839 0 0 3 1.52381 1.673178 4.375085 -0.450113 1.437483 26.877136 Inside Regular m
244 Car: 539.255525 176.109686 576.005334 208.729339 1 0 6 1.5625 1.588582 3.645756 -2.183343 1.305327 36.596638 Outside Regular m
244 Car: 597.439208 176.690907 625.240942 204.084321 2 0 16 1.476562 1.471875 2.226562 0.540655 1.220062 40.255696 Outside Regular m
246 Car: 371.378457 184.336733 495.447454 269.668987 0 0 2 1.40625 1.544019 3.359635 -3.125358 1.482215 13.840407 Inside Regular m
246 Car: 561.697442 175.638093 611.864934 221.424758 0 0 3 1.52381 1.673178 4.375085 -0.541856 1.330187 26.384568 Inside Regular m
246 Car: 537.353197 173.835812 575.628918 207.039585 1 0 6 1.5625 1.588582 3.645756 -2.202035 1.201725 35.980125 Outside Regular m
246 Car: 596.160651 174.10143 624.708788 201.899446 2 0 16 1.476562 1.471875 2.226562 0.48157 1.084837 39.688547 Outside Regular m
248 Car: 362.126253 184.029365 491.345601 272.241737 0 0 2 1.40625 1.544019 3.359635 -3.149242 1.474128 13.432291 Inside Regular m
248 Car: 558.22123 172.265329 609.435309 219.002728 0 0 3 1.52381 1.673178 4.375085 -0.633599 1.222891 25.891999 Inside Regular m
248 Car: 535.384707 171.477199 575.237657 205.288507 1 0 6 1.5625 1.588582 3.645756 -2.220727 1.098123 35.363613 Outside Regular m
248 Car: 594.846925 171.435817 624.159421 199.648416 2 0 16 1.476562 1.471875 2.226562 0.422484 0.949612 39.121398 Outside Regular m
250 Car: 350.983061 184.146729 486.407261 275.865981 0 0 2 1.40625 1.544019 3.359635 -3.179805 1.474942 12.987703 Inside Regular m
250 Car: 554.432546 172.244439 606.865339 220.091752 0 0 3 1.52381 1.673178 4.375085 -0.727061 1.229306 25.343287 Inside Regular m
250 Car: 532.616501 171.282622 573.366533 205.802896 1 0 6 1.5625 1.588582 3.645756 -2.288347 1.098868 34.675373 Outside Regular m
250 Car: 508.046975 174.231282 534.710294 192.680262 1 0 14 1.390625 1.464062 3.367188 -6.226688 0.839202 56.409199 Outside Regular m
250 Car: 594.171105 171.538212 623.177394 200.221328 2 0 16 1.476562 1.471875 2.226562 0.370042 0.963693 38.493163 Outside Regular s
252 Car: 337.644437 187.401863 480.546106 284.201947 0 0 2 1.40625 1.544019 3.359635 -3.216477 1.537395 12.5068 Inside Regular m
252 Car: 550.459434 172.222542 604.170976 221.233791 0 0 3 1.52381 1.673178 4.375085 -0.820524 1.23572 24.794574 Inside Regular m
252 Car: 529.729724 171.07973 571.423541 206.339323 2 0 6 1.5625 1.588582 3.645756 -2.355966 1.099614 33.987134 Outside Regular m
252 Car: 497.063965 174.554279 526.225396 194.702407 0 0 14 1.390625 1.464062 3.367188 -6.41776 0.908668 51.792964 Outside Regular m
252 Car: 593.078084 171.644316 622.155907 200.813156 2 0 16 1.476562 1.471875 2.226562 0.317599 0.977775 37.864928 Outside Regular m
254 Car: 324.364318 184.821837 475.598616 285.629581 0 0 2 1.40625 1.544019 3.359635 -3.221591 1.484081 11.991722 Inside Regular m
254 Car: 546.559176 172.193636 601.613336 222.426667 0 0 3 1.52381 1.673178 4.375085 -0.905677 1.241952 24.245954 Inside Regular m
254 Car: 526.779553 170.788767 569.513273 206.87664 2 0 6 1.5625 1.588582 3.645756 -2.415963 1.097628 33.249641 Outside Regular m
254 Car: 483.851625 174.94282 516.137304 197.135295 0 0 14 1.390625 1.464062 3.367188 -6.608831 0.978135 47.176728 Outside Regular m
254 Car: 591.857274 171.502977 621.450248 201.184883 1 0 16 1.476562 1.471875 2.226562 0.271765 0.979403 37.226757 Outside Regular s
256 Car: 309.703414 183.213048 470.277903 288.779603 0 0 2 1.40625 1.544019 3.359635 -3.226474 1.452235 11.476709 Inside Regular m
256 Car: 542.73742 172.157187 599.202876 223.674265 0 0 3 1.52381 1.673178 4.375085 -0.982519 1.248 23.697426 Inside Regular m
256 Car: 523.747176 170.401982 567.629604 207.417504 2 0 6 1.5625 1.588582 3.645756 -2.468335 1.092911 32.462895 Outside Regular m
256 Car: 467.653864 175.419084 503.944799 200.118212 0 0 14 1.390625 1.464062 3.367188 -6.799902 1.047601 42.560493 Outside Regular m
256 Car: 590.947762 171.100579 621.081353 201.325491 1 0 16 1.476562 1.471875 2.226562 0.232537 0.968578 36.578649 Outside Regular m
258 Car: 294.475613 183.042956 464.43353 293.581593 0 0 2 1.40625 1.544019 3.359635 -3.246782 1.44815 11.031478 Inside Regular m
258 Car: 538.715044 172.118841 596.666662 224.987358 0 0 3 1.52381 1.673178 4.375085 -1.059361 1.254048 23.148898 Inside Regular m
258 Car: 520.554827 169.994837 565.657518 207.986908 2 0 6 1.5625 1.588582 3.645756 -2.520708 1.088194 31.676148 Inside Regular m
258 Car: 447.985176 175.905775 489.735789 203.700324 0 0 14 1.390625 1.464062 3.367188 -6.963333 1.110911 38.006958 Outside Regular m
258 Car: 590.004372 170.683229 620.6987 201.471341 1 0 16 1.476562 1.471875 2.226562 0.19331 0.957752 35.930541 Outside Regular m
260 Car: 278.972394 185.644598 458.1212 301.78141 0 0 2 1.40625 1.544019 3.359635 -3.282296 1.491992 10.656089 Inside Regular m
260 Car: 535.137411 172.066048 594.653472 226.357788 0 0 3 1.52381 1.673178 4.375085 -1.117459 1.259738 22.600758 Inside Regular m
260 Car: 517.58232 169.877869 564.053021 208.928983 2 0 6 1.5625 1.588582 3.645756 -2.552735 1.09646 30.8665 Inside Regular m
260 Car: 423.477074 176.404606 472.800952 208.116363 1 0 14 1.390625 1.464062 3.367188 -7.099124 1.168064 33.516122 Outside Regular m
260 Car: 589.409174 170.346245 620.699584 201.732251 1 0 16 1.476562 1.471875 2.226562 0.174709 0.951731 35.267255 Outside Regular m
262 Car: 262.142668 190.164566 451.433585 313.135769 0 0 2 1.40625 1.544019 3.359635 -3.317495 1.565053 10.280788 Inside Regular m
262 Car: 531.361723 172.010357 592.529549 227.80409 0 0 3 1.52381 1.673178 4.375085 -1.175558 1.265428 22.052618 Inside Regular m
262 Car: 514.439288 169.754195 562.367046 209.9251 2 0 6 1.5625 1.588582 3.645756 -2.584762 1.104726 30.056852 Inside Regular m
262 Car: 390.923929 177.06743 450.910145 213.981799 1 0 14 1.390625 1.464062 3.367188 -7.234915 1.225218 29.025287 Inside Regular m
262 Car: 588.790404 169.995909 620.700503 202.003492 1 0 16 1.476562 1.471875 2.226562 0.156108 0.94571 34.603969 Outside Regular m
264 Car: 238.410688 185.333401 443.820868 315.304165 0 0 2 1.40625 1.544019 3.359635 -3.311168 1.481482 9.695086 Inside Regular m
264 Car: 527.541152 171.953603 590.535988 229.408781 0 0 3 1.52381 1.673178 4.375085 -1.22657 1.271505 21.479642 Inside Regular m
264 Car: 511.427713 170.788479 560.871281 212.126474 2 0 6 1.5625 1.588582 3.645756 -2.605731 1.157276 29.258427 Inside Regular m
264 Car: 349.542976 180.159822 423.928286 224.461919 2 0 14 1.390625 1.464062 3.367188 -7.264835 1.355927 24.540008 Inside Regular m
264 Car: 588.081168 169.8465 620.673169 202.537993 1 0 16 1.476562 1.471875 2.226562 0.135157 0.950125 33.903236 Outside Regular m
266 Car: 216.447307 189.901665 437.070802 330.269081 0 0 2 1.40625 1.544019 3.359635 -3.303056 1.548157 9.212956 Inside Regular s
266 Car: 523.656307 171.895461 588.676795 231.192878 0 0 3 1.52381 1.673178 4.375085 -1.270496 1.277968 20.881831 Inside Regular m
266 Car: 508.563258 173.083509 559.582412 215.638625 2 0 6 1.5625 1.588582 3.645756 -2.615643 1.254111 28.471226 Inside Regular m
266 Car: 287.921029 184.209257 385.830157 240.068905 2 0 14 1.390625 1.464062 3.367188 -7.294755 1.486636 20.054728 Inside Regular m
266 Van: 501.387251 160.611439 536.641021 192.572727 2 0 15 2.351562 1.876563 5.742188 -6.341693 0.803233 56.181278 Outside Regular s
266 Car: 587.273047 169.910675 620.615634 203.354888 0 0 16 1.476562 1.471875 2.226562 0.111856 0.964976 33.165053 Outside Regular s
268 Car: 191.436596 193.500895 429.682566 345.240473 0 0 2 1.40625 1.544019 3.359635 -3.295161 1.594683 8.730766 Inside Regular m
268 Car: 519.513946 171.833498 586.695197 233.095242 0 0 3 1.52381 1.673178 4.375085 -1.314422 1.284432 20.284019 Inside Regular m
268 Car: 505.633711 170.295248 558.25199 214.084508 2 0 6 1.5625 1.588582 3.645756 -2.626695 1.162449 27.722518 Inside Regular m
268 Car: 191.957542 188.347273 332.056641 262.48792 2 0 14 1.390625 1.464062 3.367188 -7.290526 1.570461 15.71431 Inside Regular m
268 Van: 490.46748 159.242827 529.580314 193.998893 2 0 15 2.351562 1.876563 5.742188 -6.497891 0.834639 51.894371 Outside Regular s
268 Car: 586.426831 169.977877 620.555385 204.210287 0 0 16 1.476562 1.471875 2.226562 0.088555 0.979826 32.426872 Outside Regular s
270 Car: 169.713694 192.143914 426.026964 351.696947 0 0 2 1.40625 1.544019 3.359635 -3.269253 1.569421 8.350499 Inside Regular m
270 Car: 516.717111 171.692848 585.804454 234.689276 0 0 3 1.52381 1.673178 4.375085 -1.330482 1.287697 19.787185 Inside Regular m
270 Car: 503.438831 169.609724 557.586901 214.543747 2 0 6 1.5625 1.588582 3.645756 -2.615771 1.148682 27.062465 Inside Regular m
270 Car: 20.499592 192.529712 248.885611 299.722194 1 0 14 1.390625 1.464062 3.367188 -7.252146 1.607404 11.518754 Inside Regular m
270 Van: 477.456147 157.611728 521.319687 195.698184 2 0 15 2.351562 1.876563 5.742188 -6.65409 0.866044 47.607465 Outside Regular s
270 Car: 586.977597 169.741272 621.749991 204.61934 0 0 16 1.476562 1.471875 2.226562 0.123499 0.979014 31.84713 Outside Regular m
272 Car: 145.431193 190.678157 422.070808 358.914757 0 0 2 1.40625 1.544019 3.359635 -3.243346 1.54416 7.970232 Inside Regular m
272 Car: 513.757187 171.54407 584.862121 236.376285 0 0 3 1.52381 1.673178 4.375085 -1.346542 1.290963 19.290352 Inside Regular m
272 Car: 501.126255 168.887327 556.890654 215.027608 2 0 6 1.5625 1.588582 3.645756 -2.604847 1.134914 26.402413 Inside Regular m
272 Car: 0.0 200.608988 88.258477 334.25419 0 2 14 1.390625 1.464062 3.367188 -7.213767 1.644346 7.323197 Inside Regular m
272 Van: 463.038205 155.736218 512.845078 197.767634 1 0 15 2.351562 1.876563 5.742188 -6.743689 0.900004 43.408347 Outside Regular s
272 Car: 587.549538 169.495566 622.99054 205.044116 0 0 16 1.476562 1.471875 2.226562 0.158444 0.978201 31.267388 Outside Regular m
274 Car: 127.983618 189.96513 418.696201 365.047463 0 0 2 1.40625 1.544019 3.359635 -3.223964 1.53153 7.709643 Inside Regular m
274 Car: 511.648173 170.959181 584.517204 237.396199 0 0 3 1.52381 1.673178 4.375085 -1.345863 1.283081 18.877425 Inside Regular m
274 Car: 500.066695 168.403692 557.117274 215.547139 2 0 6 1.5625 1.588582 3.645756 -2.566243 1.127924 25.878855 Inside Regular m
274 Van: 446.836208 153.544893 504.143216 200.319549 1 0 15 2.351562 1.876563 5.742188 -6.766689 0.936519 39.297018 Outside Regular s
274 Car: 588.655027 168.847632 624.64886 204.950653 0 0 16 1.476562 1.471875 2.226562 0.212527 0.95917 30.80436 Inside Regular m
276 Car: 119.278243 190.097761 416.09228 369.598875 0 0 2 1.40625 1.544019 3.359635 -3.211107 1.531531 7.568732 Inside Regular m
276 Car: 510.487578 169.914051 584.820056 237.682481 0 0 3 1.52381 1.673178 4.375085 -1.328447 1.264049 18.548403 Inside Regular m
276 Car: 500.361505 168.183056 558.316526 216.095693 2 0 6 1.5625 1.588582 3.645756 -2.49996 1.127712 25.49179 Inside Regular s
276 Van: 426.523577 150.794671 493.55573 203.51887 0 0 15 2.351562 1.876563 5.742188 -6.789689 0.973033 35.18569 Outside Regular s
276 Car: 590.306127 167.786154 626.724944 204.315544 0 0 16 1.476562 1.471875 2.226562 0.285748 0.921921 30.458045 Inside Regular s
278 Car: 110.141165 190.23447 413.40602 373.0 0 0 2 1.40625 1.544019 3.359635 -3.198251 1.531532 7.427821 Inside Regular s
278 Car: 509.279526 168.825924 585.13528 237.980473 0 0 3 1.52381 1.673178 4.375085 -1.311031 1.245018 18.219382 Inside Regular m
278 Car: 500.666153 167.955058 559.550337 216.6624 2 0 6 1.5625 1.588582 3.645756 -2.433677 1.1275 25.104725 Inside Regular s
278 Van: 401.336353 148.006669 479.860653 207.983278 0 0 15 2.351562 1.876563 5.742188 -6.849635 1.030104 31.27685 Inside Regular s
278 Car: 591.996652 166.699313 628.850628 203.665272 0 0 16 1.476562 1.471875 2.226562 0.35897 0.884672 30.111731 Inside Regular s
280 Car: 115.22241 189.460466 417.00514 371.521815 0 0 2 1.40625 1.544019 3.359635 -3.17752 1.522281 7.472815 Inside Regular m
280 Car: 508.801148 164.246511 585.316847 233.988122 0 0 3 1.52381 1.673178 4.375085 -1.30412 1.145959 18.081225 Inside Regular m
280 Car: 500.665287 167.371872 560.212687 216.606279 2 0 6 1.5625 1.588582 3.645756 -2.397033 1.113519 24.855229 Inside Regular m
280 Van: 368.116738 144.328095 462.623223 213.871081 0 0 15 2.351562 1.876563 5.742188 -6.909581 1.087175 27.368011 Inside Regular m
280 Car: 593.243407 166.406818 630.298563 203.574429 0 0 16 1.476562 1.471875 2.226562 0.410979 0.876175 29.954437 Inside Regular m
282 Car: 120.232491 188.693056 420.566784 368.710465 0 0 2 1.40625 1.544019 3.359635 -3.156789 1.513031 7.51781 Inside Regular s
282 Car: 508.380553 165.479188 585.565644 235.835706 0 0 3 1.52381 1.673178 4.375085 -1.29581 1.176355 17.943452 Inside Regular s
282 Car: 500.664452 166.775854 560.887567 216.54893 2 0 6 1.5625 1.588582 3.645756 -2.360388 1.099539 24.605733 Inside Regular s
282 Van: 323.456556 140.77869 440.474668 223.093614 1 0 15 2.351562 1.876563 5.742188 -6.980955 1.181935 23.564766 Inside Regular m
282 Car: 594.50383 166.111114 631.762386 203.48259 0 0 16 1.476562 1.471875 2.226562 0.462989 0.867677 29.797144 Inside Regular s
284 Car: 125.173048 187.932125 424.091485 365.944358 0 0 2 1.40625 1.544019 3.359635 -3.136059 1.50378 7.562804 Inside Regular m
284 Car: 508.42303 168.892473 586.083625 239.695539 0 0 3 1.52381 1.673178 4.375085 -1.282518 1.253053 17.846755 Inside Regular s
284 Car: 501.209099 167.328329 561.92879 217.52165 2 0 6 1.5625 1.588582 3.645756 -2.314239 1.120827 24.413522 Inside Regular m
284 Van: 260.496293 137.512606 411.263738 237.719414 1 0 15 2.351562 1.876563 5.742188 -7.063757 1.314385 19.867116 Inside Regular m
284 Car: 595.824798 168.125147 633.288731 205.701443 0 0 16 1.476562 1.471875 2.226562 0.51685 0.951011 29.640071 Inside Regular s
286 Car: 135.603218 189.987647 425.947563 366.475203 0 0 2 1.40625 1.544019 3.359635 -3.12271 1.531252 7.659076 Inside Regular m
286 Car: 508.891425 170.453939 586.827742 241.516204 0 0 3 1.52381 1.673178 4.375085 -1.265197 1.288012 17.790872 Inside Regular m
286 Car: 502.308984 169.054758 563.337646 219.543237 2 0 6 1.5625 1.588582 3.645756 -2.258586 1.177383 24.278595 Inside Regular m
286 Van: 162.512616 132.429991 370.713465 260.47772 2 0 15 2.351562 1.876563 5.742188 -7.146559 1.446835 16.169466 Inside Regular m
286 Car: 597.357482 170.180762 635.029145 207.964141 0 0 16 1.476562 1.471875 2.226562 0.578496 1.035105 29.48297 Outside Regular m
286 Car: 468.8661 173.601696 507.224435 200.641012 1 0 17 1.421875 1.43588 3.185519 -6.227086 1.005442 39.747462 Outside Regular m
288 Car: 145.744104 191.998336 427.755951 366.98644 0 0 2 1.40625 1.544019 3.359635 -3.109362 1.558723 7.755349 Inside Regular m
288 Car: 509.363194 172.026612 587.577198 243.349976 0 0 3 1.52381 1.673178 4.375085 -1.247877 1.322971 17.734988 Inside Regular m
288 Car: 503.422105 170.802264 564.761237 221.588982 2 0 6 1.5625 1.588582 3.645756 -2.202932 1.23394 24.143669 Inside Regular m
288 Van: 0.0 120.234002 312.315069 299.004451 1 0 15 2.351562 1.876563 5.742188 -7.178178 1.544088 12.388127 Inside Regular m
288 Car: 599.058272 169.93991 636.940353 207.934026 0 0 16 1.476562 1.471875 2.226562 0.646075 1.02813 29.32562 Outside Regular m
288 Car: 452.85589 174.520894 497.006455 204.564722 0 0 17 1.421875 1.43588 3.185519 -6.277932 1.091345 35.918038 Outside Regular m
290 Car: 151.981967 190.680972 429.392815 363.264604 0 0 2 1.40625 1.544019 3.359635 -3.098219 1.542198 7.816645 Inside Regular m
290 Car: 508.521823 172.23765 586.888051 243.698097 0 0 3 1.52381 1.673178 4.375085 -1.262912 1.327932 17.705538 Inside Regular m
290 Car: 503.309462 170.862108 565.050055 222.006005 2 0 6 1.5625 1.588582 3.645756 -2.185072 1.238112 23.987411 Inside Regular m
290 Van: 0.0 112.687295 215.35814 338.672049 1 1 15 2.351562 1.876563 5.742188 -7.209796 1.641341 8.606787 Inside Regular m
290 Car: 599.543235 170.273388 637.604217 208.446534 0 0 16 1.476562 1.471875 2.226562 0.665391 1.043297 29.193123 Inside Regular m
290 Car: 432.601816 176.054392 483.051773 209.715421 0 0 17 1.421875 1.43588 3.185519 -6.392964 1.192689 32.223202 Outside Regular m
292 Car: 154.62895 192.17362 430.956635 364.760414 0 0 2 1.40625 1.544019 3.359635 -3.08841 1.562329 7.843207 Inside Regular m
292 Car: 507.677226 172.449481 586.19631 244.047554 0 0 3 1.52381 1.673178 4.375085 -1.277947 1.332892 17.676087 Inside Regular m
292 Car: 503.195223 170.922805 565.342396 222.428937 2 0 6 1.5625 1.588582 3.645756 -2.167212 1.242284 23.831152 Inside Regular m
292 Car: 600.032794 170.610031 638.27438 208.963898 0 0 16 1.476562 1.471875 2.226562 0.684707 1.058464 29.060627 Inside Regular m
292 Car: 406.793055 178.008779 465.672784 216.278732 0 0 17 1.421875 1.43588 3.185519 -6.507997 1.294034 28.528367 Inside Regular m
294 Car: 157.181334 189.968597 432.469252 360.567605 0 0 2 1.40625 1.544019 3.359635 -3.079131 1.533448 7.869622 Inside Regular m
294 Car: 506.829385 172.662112 585.501959 244.398354 0 0 3 1.52381 1.673178 4.375085 -1.292981 1.337852 17.646637 Inside Regular m
294 Car: 502.714263 171.038485 565.313547 222.92878 2 0 6 1.5625 1.588582 3.645756 -2.160017 1.248205 23.66794 Inside Regular m
294 Car: 600.39527 170.880032 638.838114 209.435366 0 0 16 1.476562 1.471875 2.226562 0.698921 1.07113 28.914421 Inside Regular m
294 Car: 372.834507 179.949934 443.148149 224.430803 1 0 17 1.421875 1.43588 3.185519 -6.626939 1.379048 24.832488 Inside Regular s
296 Car: 159.792481 191.917322 434.02107 362.769607 0 0 2 1.40625 1.544019 3.359635 -3.069255 1.559728 7.896202 Inside Regular m
296 Car: 505.5886 172.90768 584.856227 245.184864 0 0 3 1.52381 1.673178 4.375085 -1.30506 1.34453 17.531486 Inside Regular m
296 Car: 501.857826 171.2105 564.957269 223.507769 2 0 6 1.5625 1.588582 3.645756 -2.163487 1.255875 23.497774 Inside Regular s
296 Car: 600.629187 171.082735 639.294569 209.860911 0 0 16 1.476562 1.471875 2.226562 0.708033 1.081295 28.754506 Inside Regular m
296 Car: 326.07983 181.876633 412.973308 235.07908 2 0 17 1.421875 1.43588 3.185519 -6.749792 1.447731 21.135566 Inside Regular m
296 Car: 461.886378 173.195152 507.506564 203.155261 1 0 18 1.5 1.620312 3.828125 -6.155581 1.082857 38.268139 Outside Regular s
298 Car: 162.348379 192.151554 435.544653 362.340607 0 0 2 1.40625 1.544019 3.359635 -3.059626 1.563251 7.922714 Inside Regular s
298 Car: 504.328982 173.156946 584.20077 245.983312 0 0 3 1.52381 1.673178 4.375085 -1.317139 1.351209 17.416334 Inside Regular m
298 Car: 500.987828 171.385237 564.59617 224.095927 2 2 6 1.5625 1.588582 3.645756 -2.166956 1.263545 23.327609 Inside Regular m
298 Car: 600.865826 171.287799 639.756339 210.291405 0 0 16 1.476562 1.471875 2.226562 0.717146 1.09146 28.594592 Outside Regular s
298 Car: 257.465654 184.550044 371.097622 250.706492 2 0 17 1.421875 1.43588 3.185519 -6.872645 1.516413 17.438645 Inside Regular s
298 Car: 441.388911 174.216562 493.828493 207.648457 0 0 18 1.5 1.620312 3.828125 -6.357875 1.172915 34.485885 Outside Regular m
298 Car: 574.437664 176.804923 613.338483 208.901663 2 0 20 1.5 1.491868 4.191868 -0.322451 1.279375 35.950371 Outside Regular m
300 Car: 164.882849 192.393602 437.059879 361.928782 0 0 2 1.40625 1.544019 3.359635 -3.049995 1.566894 7.949226 Inside Regular s
300 Car: 503.050098 173.409994 583.535367 246.793969 0 0 3 1.52381 1.673178 4.375085 -1.329218 1.357887 17.301182 Inside Regular m
300 Car: 500.767923 171.629626 564.716202 224.702739 2 2 6 1.5625 1.588582 3.645756 -2.154293 1.272881 23.180703 Inside Regular m
300 Car: 600.656056 171.841641 639.867354 211.16647 0 0 16 1.476562 1.471875 2.226562 0.709148 1.115669 28.369818 Inside Regular m
300 Car: 153.617158 187.957977 315.741152 274.901341 2 0 17 1.421875 1.43588 3.185519 -6.884548 1.573731 13.771276 Inside Regular m
300 Car: 416.25056 175.43935 477.725583 213.323461 0 0 18 1.5 1.620312 3.828125 -6.516956 1.260729 30.650359 Outside Regular s
300 Car: 573.796199 176.716738 612.997653 209.075855 2 0 20 1.5 1.491868 4.191868 -0.343924 1.277071 35.676159 Outside Regular m
302 Car: 167.373044 191.441462 438.553021 359.701319 0 0 2 1.40625 1.544019 3.359635 -3.040537 1.554533 7.975691 Inside Regular m
302 Car: 501.751503 173.666911 582.859791 247.61712 0 0 3 1.52381 1.673178 4.375085 -1.341296 1.364565 17.186031 Inside Regular m
302 Car: 500.54498 171.877395 564.837636 225.317975 2 2 6 1.5625 1.588582 3.645756 -2.14163 1.282217 23.033797 Inside Regular m
302 Car: 600.4428 172.404699 639.980215 212.056078 0 0 16 1.476562 1.471875 2.226562 0.70115 1.139878 28.145045 Inside Regular m
302 Car: 0.0 193.504689 225.656092 319.601696 1 0 17 1.421875 1.43588 3.185519 -6.896452 1.631049 10.103908 Inside Regular m
302 Car: 383.379241 177.039385 457.317707 220.743881 1 0 18 1.5 1.620312 3.828125 -6.676038 1.348543 26.814832 Inside Regular m
302 Car: 573.144183 176.627101 612.651831 209.252913 2 0 20 1.5 1.491868 4.191868 -0.365396 1.274768 35.401948 Outside Regular s
304 Car: 169.836849 190.202542 440.034575 357.050163 0 0 2 1.40625 1.544019 3.359635 -3.031122 1.53825 8.002144 Inside Regular m
304 Car: 500.432737 173.927787 582.173805 248.453054 0 0 3 1.52381 1.673178 4.375085 -1.353375 1.371244 17.070879 Inside Regular s
304 Car: 499.90079 172.550288 564.62206 226.366673 2 2 6 1.5625 1.588582 3.645756 -2.140757 1.303922 22.885119 Inside Regular m
304 Car: 600.311824 172.680754 640.205567 212.689087 0 0 16 1.476562 1.471875 2.226562 0.696358 1.153231 27.903657 Inside Regular m
304 Car: 340.992657 178.293743 431.212084 230.007783 2 0 18 1.5 1.620312 3.828125 -6.783469 1.409547 22.963875 Inside Regular s
304 Car: 572.680592 176.511007 612.399284 209.32438 2 0 20 1.5 1.491868 4.191868 -0.380658 1.270729 35.21206 Outside Regular m
306 Car: 172.286972 189.324419 441.512037 354.961133 0 0 2 1.40625 1.544019 3.359635 -3.021655 1.526749 8.028611 Inside Regular m
306 Car: 498.898317 174.201046 581.496214 249.505608 0 0 3 1.52381 1.673178 4.375085 -1.364057 1.378483 16.91752 Inside Regular m
306 Car: 498.82619 173.657542 564.063322 227.858343 2 2 6 1.5625 1.588582 3.645756 -2.151674 1.337998 22.734667 Inside Regular m
306 Car: 600.265127 172.662488 640.546904 213.059687 0 0 16 1.476562 1.471875 2.226562 0.694773 1.155728 27.645655 Inside Regular m
306 Car: 279.582144 179.954968 395.563664 243.430778 2 0 18 1.5 1.620312 3.828125 -6.890899 1.470552 19.112918 Inside Regular m
306 Car: 572.412224 176.368891 612.243161 209.287887 2 0 20 1.5 1.491868 4.191868 -0.38971 1.264954 35.106495 Outside Regular s
308 Car: 174.783122 191.926321 443.021211 358.156922 0 0 2 1.40625 1.544019 3.359635 -3.01168 1.562224 8.055218 Inside Regular m
308 Car: 497.129269 174.489229 580.82195 250.789975 0 0 3 1.52381 1.673178 4.375085 -1.373341 1.386282 16.725955 Inside Regular m
308 Car: 497.736005 174.780833 563.4977 229.371649 2 2 6 1.5625 1.588582 3.645756 -2.162591 1.372073 22.584216 Inside Regular m
308 Car: 600.217513 172.643862 640.894947 213.437561 0 0 16 1.476562 1.471875 2.226562 0.693187 1.158225 27.387653 Inside Regular s
308 Car: 185.026478 182.263953 346.326727 264.333912 2 0 18 1.5 1.620312 3.828125 -6.977722 1.533982 15.324328 Inside Regular m
308 Car: 572.142136 176.225863 612.086148 209.25116 2 0 20 1.5 1.491868 4.191868 -0.398762 1.259178 35.000931 Outside Regular s
310 Car: 177.220589 192.519611 444.499234 358.305569 0 0 2 1.40625 1.544019 3.359635 -3.001997 1.570657 8.081744 Inside Regular m
310 Car: 495.312825 174.785081 580.129746 252.108743 0 0 3 1.52381 1.673178 4.375085 -1.382625 1.394082 16.534389 Inside Regular s
310 Car: 496.495096 174.690194 563.031938 229.892982 2 2 6 1.5625 1.588582 3.645756 -2.16581 1.371648 22.354091 Inside Regular m
310 Car: 599.981458 173.149094 641.095757 214.380344 0 0 16 1.476562 1.471875 2.226562 0.684822 1.179949 27.10852 Inside Regular m
310 Car: 20.368384 185.974351 272.711725 301.059942 1 0 18 1.5 1.620312 3.828125 -7.043937 1.599838 11.598103 Inside Regular s
310 Car: 462.435458 176.194116 509.487651 205.995969 1 0 19 1.445312 1.604687 4.5 -5.949889 1.187292 37.4829 Outside Regular m
310 Car: 572.122102 176.145041 612.395001 209.500436 2 0 20 1.5 1.491868 4.191868 -0.387566 1.257925 34.675119 Outside Regular s
312 Car: 179.622635 192.299674 445.95989 357.229654 0 0 2 1.40625 1.544019 3.359635 -2.992434 1.568084 8.108238 Inside Regular s
312 Car: 493.121944 174.688491 579.010585 252.983678 0 0 3 1.52381 1.673178 4.375085 -1.399614 1.393836 16.356592 Inside Regular s
312 Car: 495.226054 174.5975 562.557224 230.426132 2 2 6 1.5625 1.588582 3.645756 -2.169028 1.371222 22.123967 Inside Regular s
312 Car: 599.740282 173.6653 641.300928 215.343583 0 0 16 1.476562 1.471875 2.226562 0.676457 1.201673 26.829386 Inside Regular s
312 Car: 0.0 192.512126 143.026531 340.845198 0 1 18 1.5 1.620312 3.828125 -7.110152 1.665694 7.871879 Inside Regular s
312 Car: 443.525935 177.877005 497.353481 210.90055 1 0 19 1.445312 1.604687 4.5 -6.126624 1.287204 34.040776 Outside Regular m
312 Car: 572.101668 176.062584 612.709381 209.754741 2 0 20 1.5 1.491868 4.191868 -0.376371 1.256672 34.349306 Outside Regular s
314 Car: 177.137863 191.397265 445.806407 356.974647 0 0 2 1.40625 1.544019 3.359635 -2.987028 1.555223 8.063896 Inside Regular s
314 Car: 490.829359 174.193396 577.986691 253.638319 0 0 3 1.52381 1.673178 4.375085 -1.41256 1.386134 16.151303 Inside Regular s
314 Car: 494.070141 174.523471 562.151804 230.947785 2 2 6 1.5625 1.588582 3.645756 -2.170555 1.371223 21.909655 Inside Regular s
314 Car: 599.632685 174.056565 641.65268 216.194932 0 0 16 1.476562 1.471875 2.226562 0.673012 1.218593 26.548331 Inside Regular s
314 Car: 419.613143 179.150047 482.896115 216.58174 0 0 19 1.445312 1.604687 4.5 -6.242919 1.355835 30.292487 Inside Regular m
314 Car: 571.144833 175.978037 612.03832 209.862124 2 0 20 1.5 1.491868 4.191868 -0.412647 1.254296 34.166775 Outside Regular m
316 Car: 169.627144 192.302022 444.041983 361.381532 0 0 2 1.40625 1.544019 3.359635 -2.985415 1.565725 7.948819 Inside Regular s
316 Car: 488.74751 173.690759 577.475547 254.562747 0 0 3 1.52381 1.673178 4.375085 -1.413757 1.37902 15.904754 Inside Regular m
316 Car: 493.033773 174.468888 561.818387 231.456324 2 2 6 1.5625 1.588582 3.645756 -2.17039 1.371649 21.711157 Inside Regular s
316 Car: 599.66312 174.318787 642.156008 216.93084 0 0 16 1.476562 1.471875 2.226562 0.674488 1.230708 26.265356 Inside Regular s
316 Car: 388.327339 180.558713 464.672398 224.014299 1 0 19 1.445312 1.604687 4.5 -6.359214 1.424467 26.544198 Inside Regular m
316 Car: 569.248415 175.892501 610.374892 209.81864 2 0 20 1.5 1.491868 4.191868 -0.496395 1.250798 34.127526 Outside Regular s
318 Car: 161.846604 193.761844 442.240942 366.769076 0 0 2 1.40625 1.544019 3.359635 -2.983727 1.583264 7.833763 Inside Regular m
318 Car: 486.589388 173.169735 576.945703 255.521035 0 0 3 1.52381 1.673178 4.375085 -1.414955 1.371906 15.658206 Inside Regular s
318 Car: 491.976509 174.413204 561.479297 231.975114 2 2 6 1.5625 1.588582 3.645756 -2.170226 1.372075 21.512659 Inside Regular m
318 Car: 599.694248 174.586981 642.670794 217.683485 0 0 16 1.476562 1.471875 2.226562 0.675963 1.242824 25.98238 Inside Regular m
318 Car: 346.11651 181.769251 441.6398 233.191452 1 0 19 1.445312 1.604687 4.5 -6.481777 1.471741 22.879931 Inside Regular m
318 Car: 567.347324 175.806756 608.707872 209.775048 2 0 20 1.5 1.491868 4.191868 -0.580143 1.247299 34.088277 Outside Regular m
320 Car: 156.538456 191.504698 441.225496 365.678433 0 0 2 1.40625 1.544019 3.359635 -2.97803 1.552304 7.74993 Inside Regular m
320 Car: 484.350722 172.629297 576.396115 256.515077 0 0 3 1.52381 1.673178 4.375085 -1.416153 1.364792 15.411657 Inside Regular s
320 Car: 599.659668 173.266566 643.062082 216.791479 0 0 16 1.476562 1.471875 2.226562 0.674589 1.199929 25.738179 Inside Regular s
320 Car: 286.619818 182.670415 411.590806 245.091116 2 0 19 1.445312 1.604687 4.5 -6.610608 1.497655 19.299688 Inside Regular s
320 Car: 568.712339 174.083682 610.050987 208.209967 2 0 20 1.5 1.491868 4.191868 -0.513746 1.172174 33.947338 Outside Regular s
322 Car: 151.11125 190.706124 440.209029 366.875301 0 0 2 1.40625 1.544019 3.359635 -2.972122 1.540783 7.666155 Inside Regular m
322 Car: 482.026918 172.068339 575.825659 257.546912 0 0 3 1.52381 1.673178 4.375085 -1.417351 1.357678 15.165108 Inside Regular m
322 Car: 599.624398 171.919723 643.461197 215.881589 0 0 16 1.476562 1.471875 2.226562 0.673215 1.157033 25.493977 Inside Regular s
322 Car: 195.681881 183.932568 369.504471 263.278036 2 0 19 1.445312 1.604687 4.5 -6.739439 1.523569 15.719444 Inside Regular s
322 Car: 570.089493 172.345284 611.404641 206.630973 2 0 20 1.5 1.491868 4.191868 -0.447349 1.097048 33.806399 Outside Regular s
324 Car: 145.542328 190.507071 439.181219 369.06026 0 0 2 1.40625 1.544019 3.359635 -2.966129 1.537152 7.582403 Inside Regular s
324 Car: 481.033229 171.424894 575.209713 257.15353 0 0 3 1.52381 1.673178 4.375085 -1.428017 1.346562 15.126676 Inside Regular m
324 Car: 599.594508 170.966021 643.753946 215.252548 0 0 16 1.476562 1.471875 2.226562 0.671995 1.127292 25.315657 Inside Regular m
324 Car: 52.486331 186.346721 310.513484 294.655301 2 0 19 1.445312 1.604687 4.5 -6.774735 1.56002 12.211283 Inside Regular m
324 Car: 570.902123 171.448796 612.215541 205.850569 2 0 20 1.5 1.491868 4.191868 -0.407868 1.059004 33.703072 Outside Regular s
326 Car: 139.817925 190.535845 438.137308 371.66957 0 0 2 1.40625 1.544019 3.359635 -2.960104 1.536468 7.49866 Inside Stopped s
326 Car: 480.033665 170.777587 574.748425 256.757817 0 0 3 1.52381 1.673178 4.375085 -1.438683 1.335446 15.088243 Inside Stopped m
326 Car: 599.570362 170.422005 643.93557 214.915762 0 0 16 1.476562 1.471875 2.226562 0.67093 1.110705 25.203217 Inside Stopped s
326 Car: 0.0 190.306679 213.755909 340.971247 1 1 19 1.445312 1.604687 4.5 -6.810031 1.596471 8.703122 Inside Stopped m
326 Car: 571.141774 171.405703 612.476423 205.879394 2 0 20 1.5 1.491868 4.191868 -0.395302 1.058042 33.637357 Outside Stopped s
328 Car: 133.935681 191.019098 437.079387 373.0 0 0 2 1.40625 1.544019 3.359635 -2.954017 1.541512 7.414934 Inside Stopped s
328 Car: 479.028174 170.126383 574.285061 256.359752 0 0 3 1.52381 1.673178 4.375085 -1.449349 1.32433 15.04981 Inside Stopped s
328 Car: 599.545992 169.872897 644.11889 214.575811 0 0 16 1.476562 1.471875 2.226562 0.669864 1.094117 25.090777 Inside Stopped m
328 Car: 571.38243 171.36243 612.738261 205.908341 2 0 20 1.5 1.491868 4.191868 -0.382736 1.05708 33.571642 Outside Stopped m
330 Car: 144.277086 190.822027 438.163421 372.440185 0 0 2 1.40625 1.544019 3.359635 -2.939636 1.54005 7.499028 Inside Stopped s
330 Car: 479.460851 169.664389 573.55335 254.652216 0 0 3 1.52381 1.673178 4.375085 -1.473602 1.312941 15.237766 Inside Stopped m
330 Car: 599.792571 169.826871 644.26484 214.429189 0 0 16 1.476562 1.471875 2.226562 0.677869 1.0917 25.144953 Inside Stopped m
330 Car: 571.517439 171.643156 612.753996 206.102393 2 0 20 1.5 1.491868 4.191868 -0.380276 1.068284 33.649965 Outside Stopped s
332 Car: 154.401227 190.550231 439.207817 369.743759 0 0 2 1.40625 1.544019 3.359635 -2.925266 1.537568 7.583119 Inside Stopped s
332 Car: 479.917177 172.380587 572.863244 256.1698 0 0 3 1.52381 1.673178 4.375085 -1.497222 1.360003 15.425895 Inside Stopped m
332 Car: 600.038045 169.781052 644.410131 214.283225 0 0 16 1.476562 1.471875 2.226562 0.685875 1.089283 25.199129 Inside Stopped s
332 Car: 571.651783 171.922487 612.769661 206.295488 2 0 20 1.5 1.491868 4.191868 -0.377817 1.079488 33.728287 Outside Stopped s
334 Car: 165.622162 190.99725 441.763809 365.884095 0 0 2 1.40625 1.544019 3.359635 -2.92632 1.545362 7.737306 Inside Stopped m
334 Car: 481.387675 171.600841 573.048335 254.138705 0 0 3 1.52381 1.673178 4.375085 -1.501776 1.342842 15.625317 Inside Stopped m
334 Car: 600.190453 170.504831 644.247017 214.690464 0 0 16 1.476562 1.471875 2.226562 0.690833 1.110904 25.371571 Inside Stopped s
334 Car: 571.354741 172.623291 612.297836 206.804279 2 0 20 1.5 1.491868 4.191868 -0.398201 1.10812 33.903607 Outside Stopped s
336 Car: 177.377758 189.534725 445.681932 357.150662 0 0 2 1.40625 1.544019 3.359635 -2.943173 1.528801 7.961486 Inside Stopped m
336 Car: 483.860598 170.714381 574.106073 251.965931 0 0 3 1.52381 1.673178 4.375085 -1.486597 1.323036 15.836213 Inside Stopped m
336 Car: 600.249551 171.971522 643.784356 215.633369 0 0 16 1.476562 1.471875 2.226562 0.692744 1.156563 25.662281 Inside Stopped s
336 Car: 570.636055 173.732275 611.349398 207.618998 2 0 20 1.5 1.491868 4.191868 -0.441428 1.154183 34.175925 Outside Stopped s
