0 1 Pedestrian 0 0 -10 965.000000 147.000000 1000.000000 209.000000 -1 -1 -1 -1000 -1000 -1000 -10 37.469444
0 2 Car 0 0 -10 1049.000000 159.000000 1197.000000 201.000000 -1 -1 -1 -1000 -1000 -1000 -10 1.581226
0 4 Car 0 0 -10 480.000000 155.000000 519.000000 186.000000 -1 -1 -1 -1000 -1000 -1000 -10 28.140878
0 3 Car 0 0 -10 501.000000 159.000000 529.000000 183.000000 -1 -1 -1 -1000 -1000 -1000 -10 6.177479
1 1 Pedestrian 0 0 -10 963.000000 146.000000 1002.000000 208.000000 -1 -1 -1 -1000 -1000 -1000 -10 35.271104
1 2 Car 0 0 -10 1049.000000 160.000000 1196.000000 202.000000 -1 -1 -1 -1000 -1000 -1000 -10 1.448434
1 4 Car 0 0 -10 481.000000 155.000000 518.000000 186.000000 -1 -1 -1 -1000 -1000 -1000 -10 26.414969
1 3 Car 0 0 -10 499.000000 158.000000 529.000000 182.000000 -1 -1 -1 -1000 -1000 -1000 -10 5.432084
2 1 Pedestrian 0 0 -10 961.000000 147.000000 1003.000000 209.000000 -1 -1 -1 -1000 -1000 -1000 -10 37.968431
2 2 Car 0 0 -10 1051.000000 160.000000 1198.000000 202.000000 -1 -1 -1 -1000 -1000 -1000 -10 1.198040
2 4 Car 0 0 -10 478.000000 155.000000 519.000000 185.000000 -1 -1 -1 -1000 -1000 -1000 -10 20.290880
2 3 Car 0 0 -10 501.000000 158.000000 528.000000 182.000000 -1 -1 -1 -1000 -1000 -1000 -10 4.170127
3 1 Pedestrian 0 0 -10 961.000000 147.000000 1005.000000 209.000000 -1 -1 -1 -1000 -1000 -1000 -10 35.583000
3 2 Car 0 0 -10 1051.000000 159.000000 1201.000000 202.000000 -1 -1 -1 -1000 -1000 -1000 -10 1.081274
3 4 Car 0 0 -10 479.000000 155.000000 518.000000 186.000000 -1 -1 -1 -1000 -1000 -1000 -10 19.210547
3 3 Car 0 0 -10 500.000000 158.000000 529.000000 182.000000 -1 -1 -1 -1000 -1000 -1000 -10 2.271643
4 1 Pedestrian 0 0 -10 959.000000 146.000000 1002.000000 208.000000 -1 -1 -1 -1000 -1000 -1000 -10 44.387650
4 2 Car 0 0 -10 1054.000000 160.000000 1204.000000 202.000000 -1 -1 -1 -1000 -1000 -1000 -10 1.218202
4 4 Car 0 0 -10 479.000000 155.000000 519.000000 186.000000 -1 -1 -1 -1000 -1000 -1000 -10 27.523550
4 3 Car 0 0 -10 500.000000 158.000000 528.000000 182.000000 -1 -1 -1 -1000 -1000 -1000 -10 8.978471
5 1 Pedestrian 0 0 -10 959.000000 147.000000 999.000000 208.000000 -1 -1 -1 -1000 -1000 -1000 -10 49.018967
5 2 Car 0 0 -10 1055.000000 153.000000 1195.000000 201.000000 -1 -1 -1 -1000 -1000 -1000 -10 0.952336
5 4 Car 0 0 -10 483.000000 158.000000 518.000000 186.000000 -1 -1 -1 -1000 -1000 -1000 -10 13.107686
5 3 Car 0 0 -10 501.000000 158.000000 529.000000 182.000000 -1 -1 -1 -1000 -1000 -1000 -10 9.140767
6 1 Pedestrian 0 0 -10 957.000000 147.000000 1001.000000 209.000000 -1 -1 -1 -1000 -1000 -1000 -10 43.383475
6 2 Car 0 0 -10 1058.000000 154.000000 1200.000000 202.000000 -1 -1 -1 -1000 -1000 -1000 -10 0.949253
6 4 Car 0 0 -10 485.000000 158.000000 517.000000 187.000000 -1 -1 -1 -1000 -1000 -1000 -10 11.571649
6 3 Car 0 0 -10 500.000000 159.000000 533.000000 183.000000 -1 -1 -1 -1000 -1000 -1000 -10 5.292960
7 5 Pedestrian 0 0 -10 940.000000 151.000000 982.000000 211.000000 -1 -1 -1 -1000 -1000 -1000 -10 0.523970
7 1 Pedestrian 0 0 -10 955.000000 151.000000 1000.000000 212.000000 -1 -1 -1 -1000 -1000 -1000 -10 41.801806
7 2 Car 0 0 -10 1056.000000 154.000000 1210.000000 203.000000 -1 -1 -1 -1000 -1000 -1000 -10 0.604755
7 4 Car 0 0 -10 482.000000 158.000000 517.000000 187.000000 -1 -1 -1 -1000 -1000 -1000 -10 11.825578
7 3 Car 0 0 -10 501.000000 160.000000 534.000000 184.000000 -1 -1 -1 -1000 -1000 -1000 -10 5.292960
8 5 Pedestrian 0 0 -10 940.000000 153.000000 985.000000 213.000000 -1 -1 -1 -1000 -1000 -1000 -10 3.570865
8 1 Pedestrian 0 0 -10 953.000000 151.000000 1000.000000 213.000000 -1 -1 -1 -1000 -1000 -1000 -10 28.714855
8 2 Car 0 0 -10 1059.000000 160.000000 1212.000000 206.000000 -1 -1 -1 -1000 -1000 -1000 -10 0.757873
8 4 Car 0 0 -10 481.000000 159.000000 518.000000 188.000000 -1 -1 -1 -1000 -1000 -1000 -10 15.008849
8 3 Car 0 0 -10 498.000000 161.000000 535.000000 186.000000 -1 -1 -1 -1000 -1000 -1000 -10 3.477487
9 5 Pedestrian 0 0 -10 941.000000 153.000000 984.000000 214.000000 -1 -1 -1 -1000 -1000 -1000 -10 0.180248
9 1 Pedestrian 0 0 -10 953.000000 152.000000 998.000000 213.000000 -1 -1 -1 -1000 -1000 -1000 -10 23.996227
9 2 Car 0 0 -10 1066.000000 160.000000 1222.000000 206.000000 -1 -1 -1 -1000 -1000 -1000 -10 0.575017
9 4 Car 0 0 -10 485.000000 159.000000 519.000000 188.000000 -1 -1 -1 -1000 -1000 -1000 -10 10.884426
9 3 Car 0 0 -10 503.000000 160.000000 532.000000 186.000000 -1 -1 -1 -1000 -1000 -1000 -10 1.495672
10 5 Pedestrian 0 0 -10 944.000000 153.000000 982.000000 211.000000 -1 -1 -1 -1000 -1000 -1000 -10 2.683105
10 2 Car 0 0 -10 1065.000000 161.000000 1224.000000 207.000000 -1 -1 -1 -1000 -1000 -1000 -10 0.727190
10 4 Car 0 0 -10 487.000000 159.000000 520.000000 188.000000 -1 -1 -1 -1000 -1000 -1000 -10 10.259478
10 3 Car 0 0 -10 504.000000 160.000000 536.000000 186.000000 -1 -1 -1 -1000 -1000 -1000 -10 1.494869
11 5 Pedestrian 0 0 -10 945.000000 151.000000 981.000000 211.000000 -1 -1 -1 -1000 -1000 -1000 -10 13.706057
11 2 Car 0 0 -10 1072.000000 161.000000 1221.000000 208.000000 -1 -1 -1 -1000 -1000 -1000 -10 0.569212
11 4 Car 0 0 -10 487.000000 158.000000 520.000000 188.000000 -1 -1 -1 -1000 -1000 -1000 -10 13.825058
11 3 Car 0 0 -10 476.000000 160.000000 542.000000 187.000000 -1 -1 -1 -1000 -1000 -1000 -10 2.485930
12 5 Pedestrian 0 0 -10 949.000000 152.000000 983.000000 211.000000 -1 -1 -1 -1000 -1000 -1000 -10 17.935875
12 2 Car 0 0 -10 1075.000000 156.000000 1224.000000 206.000000 -1 -1 -1 -1000 -1000 -1000 -10 0.392763
12 4 Car 0 0 -10 488.000000 158.000000 522.000000 188.000000 -1 -1 -1 -1000 -1000 -1000 -10 11.945471
12 7 Car 0 0 -10 534.000000 160.000000 565.000000 176.000000 -1 -1 -1 -1000 -1000 -1000 -10 0.562816
13 5 Pedestrian 0 0 -10 949.000000 149.000000 989.000000 210.000000 -1 -1 -1 -1000 -1000 -1000 -10 29.086179
13 2 Car 0 0 -10 1088.000000 160.000000 1224.000000 208.000000 -1 -1 -1 -1000 -1000 -1000 -10 0.970172
13 4 Car 0 0 -10 489.000000 158.000000 522.000000 188.000000 -1 -1 -1 -1000 -1000 -1000 -10 13.127546
13 3 Car 0 0 -10 507.000000 160.000000 536.000000 186.000000 -1 -1 -1 -1000 -1000 -1000 -10 4.199111
14 5 Pedestrian 0 0 -10 948.000000 150.000000 994.000000 211.000000 -1 -1 -1 -1000 -1000 -1000 -10 19.037647
14 2 Car 0 0 -10 1089.000000 161.000000 1224.000000 209.000000 -1 -1 -1 -1000 -1000 -1000 -10 0.713869
14 4 Car 0 0 -10 491.000000 158.000000 526.000000 188.000000 -1 -1 -1 -1000 -1000 -1000 -10 13.336437
14 3 Car 0 0 -10 509.000000 160.000000 539.000000 185.000000 -1 -1 -1 -1000 -1000 -1000 -10 5.065609
14 7 Car 0 0 -10 540.000000 160.000000 570.000000 177.000000 -1 -1 -1 -1000 -1000 -1000 -10 0.285786
15 5 Pedestrian 0 0 -10 952.000000 150.000000 996.000000 212.000000 -1 -1 -1 -1000 -1000 -1000 -10 14.690904
15 8 Pedestrian 0 0 -10 960.000000 148.000000 1002.000000 210.000000 -1 -1 -1 -1000 -1000 -1000 -10 4.105038
15 2 Car 0 0 -10 1093.000000 151.000000 1224.000000 206.000000 -1 -1 -1 -1000 -1000 -1000 -10 0.263872
15 4 Car 0 0 -10 493.000000 157.000000 528.000000 188.000000 -1 -1 -1 -1000 -1000 -1000 -10 13.063102
15 3 Car 0 0 -10 486.000000 160.000000 551.000000 186.000000 -1 -1 -1 -1000 -1000 -1000 -10 0.420487
15 7 Car 0 0 -10 543.000000 160.000000 574.000000 177.000000 -1 -1 -1 -1000 -1000 -1000 -10 1.221191
16 5 Pedestrian 0 0 -10 959.000000 148.000000 1000.000000 212.000000 -1 -1 -1 -1000 -1000 -1000 -10 11.264067
16 2 Car 0 0 -10 1096.000000 149.000000 1224.000000 205.000000 -1 -1 -1 -1000 -1000 -1000 -10 0.139722
16 4 Car 0 0 -10 497.000000 157.000000 531.000000 188.000000 -1 -1 -1 -1000 -1000 -1000 -10 15.131627
16 7 Car 0 0 -10 547.000000 161.000000 579.000000 177.000000 -1 -1 -1 -1000 -1000 -1000 -10 2.555250
17 5 Pedestrian 0 0 -10 961.000000 147.000000 1009.000000 211.000000 -1 -1 -1 -1000 -1000 -1000 -10 19.593752
17 2 Car 0 0 -10 1141.000000 150.000000 1224.000000 207.000000 -1 -1 -1 -1000 -1000 -1000 -10 0.010490
17 4 Car 0 0 -10 501.000000 158.000000 536.000000 189.000000 -1 -1 -1 -1000 -1000 -1000 -10 11.917118
17 3 Car 0 0 -10 519.000000 159.000000 549.000000 184.000000 -1 -1 -1 -1000 -1000 -1000 -10 8.159469
17 7 Car 0 0 -10 552.000000 162.000000 580.000000 177.000000 -1 -1 -1 -1000 -1000 -1000 -10 1.392574
18 5 Pedestrian 0 0 -10 966.000000 147.000000 1010.000000 209.000000 -1 -1 -1 -1000 -1000 -1000 -10 14.555651
18 2 Car 0 0 -10 1156.000000 148.000000 1224.000000 205.000000 -1 -1 -1 -1000 -1000 -1000 -10 0.109540
18 4 Car 0 0 -10 504.000000 157.000000 539.000000 189.000000 -1 -1 -1 -1000 -1000 -1000 -10 13.384323
18 3 Car 0 0 -10 522.000000 158.000000 550.000000 184.000000 -1 -1 -1 -1000 -1000 -1000 -10 8.149825
18 7 Car 0 0 -10 556.000000 161.000000 583.000000 176.000000 -1 -1 -1 -1000 -1000 -1000 -10 2.978479
19 5 Pedestrian 0 0 -10 971.000000 146.000000 1017.000000 209.000000 -1 -1 -1 -1000 -1000 -1000 -10 24.894334
19 4 Car 0 0 -10 507.000000 157.000000 542.000000 189.000000 -1 -1 -1 -1000 -1000 -1000 -10 13.431610
19 3 Car 0 0 -10 525.000000 158.000000 560.000000 184.000000 -1 -1 -1 -1000 -1000 -1000 -10 5.492425
19 7 Car 0 0 -10 561.000000 161.000000 587.000000 177.000000 -1 -1 -1 -1000 -1000 -1000 -10 2.132873
20 5 Pedestrian 0 0 -10 973.000000 146.000000 1020.000000 210.000000 -1 -1 -1 -1000 -1000 -1000 -10 29.140948
20 2 Car 0 0 -10 1127.000000 160.000000 1224.000000 208.000000 -1 -1 -1 -1000 -1000 -1000 -10 0.038451
20 4 Car 0 0 -10 509.000000 155.000000 546.000000 188.000000 -1 -1 -1 -1000 -1000 -1000 -10 13.649438
20 3 Car 0 0 -10 532.000000 159.000000 561.000000 184.000000 -1 -1 -1 -1000 -1000 -1000 -10 5.154661
20 7 Car 0 0 -10 566.000000 160.000000 588.000000 177.000000 -1 -1 -1 -1000 -1000 -1000 -10 1.253560
21 5 Pedestrian 0 0 -10 980.000000 146.000000 1029.000000 211.000000 -1 -1 -1 -1000 -1000 -1000 -10 38.649960
21 2 Car 0 0 -10 1141.000000 162.000000 1224.000000 209.000000 -1 -1 -1 -1000 -1000 -1000 -10 0.005308
21 4 Car 0 0 -10 512.000000 154.000000 550.000000 187.000000 -1 -1 -1 -1000 -1000 -1000 -10 20.885460
21 3 Car 0 0 -10 532.000000 157.000000 561.000000 182.000000 -1 -1 -1 -1000 -1000 -1000 -10 4.021260
21 7 Car 0 0 -10 571.000000 157.000000 594.000000 173.000000 -1 -1 -1 -1000 -1000 -1000 -10 1.063736
22 5 Pedestrian 0 0 -10 983.000000 145.000000 1032.000000 209.000000 -1 -1 -1 -1000 -1000 -1000 -10 22.276383
22 4 Car 0 0 -10 516.000000 154.000000 554.000000 187.000000 -1 -1 -1 -1000 -1000 -1000 -10 22.976286
22 3 Car 0 0 -10 534.000000 156.000000 565.000000 182.000000 -1 -1 -1 -1000 -1000 -1000 -10 5.419045
22 7 Car 0 0 -10 577.000000 156.000000 596.000000 173.000000 -1 -1 -1 -1000 -1000 -1000 -10 2.984122
23 4 Car 0 0 -10 517.000000 154.000000 557.000000 187.000000 -1 -1 -1 -1000 -1000 -1000 -10 21.009747
23 3 Car 0 0 -10 538.000000 156.000000 569.000000 182.000000 -1 -1 -1 -1000 -1000 -1000 -10 2.653702
23 7 Car 0 0 -10 580.000000 157.000000 600.000000 173.000000 -1 -1 -1 -1000 -1000 -1000 -10 0.837275
24 4 Car 0 0 -10 520.000000 153.000000 563.000000 187.000000 -1 -1 -1 -1000 -1000 -1000 -10 19.247448
24 3 Car 0 0 -10 542.000000 158.000000 573.000000 184.000000 -1 -1 -1 -1000 -1000 -1000 -10 5.810276
24 7 Car 0 0 -10 584.000000 157.000000 603.000000 173.000000 -1 -1 -1 -1000 -1000 -1000 -10 2.839803
25 5 Pedestrian 0 0 -10 996.000000 142.000000 1050.000000 211.000000 -1 -1 -1 -1000 -1000 -1000 -10 36.526646
25 4 Car 0 0 -10 526.000000 153.000000 566.000000 189.000000 -1 -1 -1 -1000 -1000 -1000 -10 14.192648
25 3 Car 0 0 -10 547.000000 157.000000 577.000000 184.000000 -1 -1 -1 -1000 -1000 -1000 -10 8.521822
26 5 Pedestrian 0 0 -10 1004.000000 144.000000 1057.000000 212.000000 -1 -1 -1 -1000 -1000 -1000 -10 38.350670
26 4 Car 0 0 -10 527.000000 153.000000 570.000000 189.000000 -1 -1 -1 -1000 -1000 -1000 -10 20.049351
26 3 Car 0 0 -10 550.000000 156.000000 581.000000 184.000000 -1 -1 -1 -1000 -1000 -1000 -10 11.418624
26 7 Car 0 0 -10 588.000000 156.000000 613.000000 173.000000 -1 -1 -1 -1000 -1000 -1000 -10 5.140079
27 5 Pedestrian 0 0 -10 1005.000000 144.000000 1058.000000 211.000000 -1 -1 -1 -1000 -1000 -1000 -10 5.017317
27 4 Car 0 0 -10 532.000000 153.000000 573.000000 189.000000 -1 -1 -1 -1000 -1000 -1000 -10 29.377899
27 3 Car 0 0 -10 550.000000 156.000000 584.000000 184.000000 -1 -1 -1 -1000 -1000 -1000 -10 6.733909
27 7 Car 0 0 -10 588.000000 156.000000 615.000000 173.000000 -1 -1 -1 -1000 -1000 -1000 -10 5.941056
28 5 Pedestrian 0 0 -10 1012.000000 146.000000 1061.000000 211.000000 -1 -1 -1 -1000 -1000 -1000 -10 13.497577
28 11 Pedestrian 0 0 -10 1021.000000 146.000000 1072.000000 212.000000 -1 -1 -1 -1000 -1000 -1000 -10 5.131161
28 4 Car 0 0 -10 532.000000 153.000000 575.000000 191.000000 -1 -1 -1 -1000 -1000 -1000 -10 15.888166
28 3 Car 0 0 -10 552.000000 156.000000 587.000000 184.000000 -1 -1 -1 -1000 -1000 -1000 -10 6.163752
28 7 Car 0 0 -10 589.000000 156.000000 617.000000 173.000000 -1 -1 -1 -1000 -1000 -1000 -10 6.503851
29 5 Pedestrian 0 0 -10 1013.000000 144.000000 1067.000000 213.000000 -1 -1 -1 -1000 -1000 -1000 -10 26.512878
29 4 Car 0 0 -10 532.000000 153.000000 575.000000 191.000000 -1 -1 -1 -1000 -1000 -1000 -10 25.651084
29 3 Car 0 0 -10 553.000000 156.000000 587.000000 186.000000 -1 -1 -1 -1000 -1000 -1000 -10 8.607969
29 7 Car 0 0 -10 587.000000 157.000000 615.000000 174.000000 -1 -1 -1 -1000 -1000 -1000 -10 3.991722
30 5 Pedestrian 0 0 -10 1013.000000 147.000000 1066.000000 216.000000 -1 -1 -1 -1000 -1000 -1000 -10 29.399043
30 4 Car 0 0 -10 529.000000 155.000000 573.000000 194.000000 -1 -1 -1 -1000 -1000 -1000 -10 23.667191
30 3 Car 0 0 -10 549.000000 158.000000 585.000000 188.000000 -1 -1 -1 -1000 -1000 -1000 -10 6.051647
30 7 Car 0 0 -10 583.000000 159.000000 612.000000 176.000000 -1 -1 -1 -1000 -1000 -1000 -10 2.486387
31 5 Pedestrian 0 0 -10 1015.000000 148.000000 1064.000000 216.000000 -1 -1 -1 -1000 -1000 -1000 -10 5.836582
31 4 Car 0 0 -10 522.000000 156.000000 567.000000 196.000000 -1 -1 -1 -1000 -1000 -1000 -10 30.462965
31 3 Car 0 0 -10 546.000000 159.000000 579.000000 189.000000 -1 -1 -1 -1000 -1000 -1000 -10 17.070339
31 7 Car 0 0 -10 578.000000 161.000000 604.000000 177.000000 -1 -1 -1 -1000 -1000 -1000 -10 4.099762
32 12 Pedestrian 0 0 -10 995.000000 151.000000 1041.000000 217.000000 -1 -1 -1 -1000 -1000 -1000 -10 14.126288
32 5 Pedestrian 0 0 -10 1011.000000 151.000000 1057.000000 218.000000 -1 -1 -1 -1000 -1000 -1000 -10 10.433811
32 4 Car 0 0 -10 514.000000 157.000000 562.000000 197.000000 -1 -1 -1 -1000 -1000 -1000 -10 35.219350
32 3 Car 0 0 -10 539.000000 159.000000 573.000000 190.000000 -1 -1 -1 -1000 -1000 -1000 -10 11.817934
32 7 Car 0 0 -10 565.000000 161.000000 597.000000 178.000000 -1 -1 -1 -1000 -1000 -1000 -10 0.550073
33 12 Pedestrian 0 0 -10 983.000000 148.000000 1035.000000 216.000000 -1 -1 -1 -1000 -1000 -1000 -10 10.866224
33 5 Pedestrian 0 0 -10 997.000000 149.000000 1049.000000 217.000000 -1 -1 -1 -1000 -1000 -1000 -10 9.778967
33 4 Car 0 0 -10 506.000000 155.000000 552.000000 197.000000 -1 -1 -1 -1000 -1000 -1000 -10 40.884079
33 3 Car 0 0 -10 531.000000 159.000000 565.000000 189.000000 -1 -1 -1 -1000 -1000 -1000 -10 11.980322
34 12 Pedestrian 0 0 -10 975.000000 146.000000 1024.000000 215.000000 -1 -1 -1 -1000 -1000 -1000 -10 14.039436
34 5 Pedestrian 0 0 -10 987.000000 147.000000 1041.000000 216.000000 -1 -1 -1 -1000 -1000 -1000 -10 24.936791
34 4 Car 0 0 -10 496.000000 154.000000 544.000000 197.000000 -1 -1 -1 -1000 -1000 -1000 -10 39.635291
34 3 Car 0 0 -10 519.000000 157.000000 555.000000 189.000000 -1 -1 -1 -1000 -1000 -1000 -10 6.622782
34 7 Car 0 0 -10 549.000000 159.000000 583.000000 175.000000 -1 -1 -1 -1000 -1000 -1000 -10 3.658110
35 12 Pedestrian 0 0 -10 961.000000 148.000000 1013.000000 217.000000 -1 -1 -1 -1000 -1000 -1000 -10 29.081696
35 5 Pedestrian 0 0 -10 973.000000 145.000000 1028.000000 215.000000 -1 -1 -1 -1000 -1000 -1000 -10 18.329494
35 4 Car 0 0 -10 483.000000 155.000000 538.000000 198.000000 -1 -1 -1 -1000 -1000 -1000 -10 34.888213
35 3 Car 0 0 -10 509.000000 157.000000 544.000000 189.000000 -1 -1 -1 -1000 -1000 -1000 -10 10.545779
35 7 Car 0 0 -10 535.000000 160.000000 572.000000 177.000000 -1 -1 -1 -1000 -1000 -1000 -10 3.863063
36 12 Pedestrian 0 0 -10 948.000000 149.000000 1000.000000 218.000000 -1 -1 -1 -1000 -1000 -1000 -10 32.309097
36 5 Pedestrian 0 0 -10 960.000000 147.000000 1016.000000 216.000000 -1 -1 -1 -1000 -1000 -1000 -10 30.646832
36 4 Car 0 0 -10 470.000000 154.000000 522.000000 201.000000 -1 -1 -1 -1000 -1000 -1000 -10 41.522117
36 3 Car 0 0 -10 498.000000 159.000000 535.000000 191.000000 -1 -1 -1 -1000 -1000 -1000 -10 10.968290
37 12 Pedestrian 0 0 -10 931.000000 146.000000 985.000000 215.000000 -1 -1 -1 -1000 -1000 -1000 -10 29.419718
37 5 Pedestrian 0 0 -10 947.000000 148.000000 1001.000000 216.000000 -1 -1 -1 -1000 -1000 -1000 -10 40.465699
37 4 Car 0 0 -10 452.000000 156.000000 507.000000 203.000000 -1 -1 -1 -1000 -1000 -1000 -10 36.883420
37 3 Car 0 0 -10 483.000000 158.000000 521.000000 191.000000 -1 -1 -1 -1000 -1000 -1000 -10 17.969919
38 12 Pedestrian 0 0 -10 919.000000 145.000000 969.000000 213.000000 -1 -1 -1 -1000 -1000 -1000 -10 17.384703
38 5 Pedestrian 0 0 -10 931.000000 145.000000 984.000000 214.000000 -1 -1 -1 -1000 -1000 -1000 -10 34.014667
38 4 Car 0 0 -10 436.000000 155.000000 493.000000 204.000000 -1 -1 -1 -1000 -1000 -1000 -10 39.512914
38 3 Car 0 0 -10 466.000000 158.000000 506.000000 193.000000 -1 -1 -1 -1000 -1000 -1000 -10 11.911232
38 7 Car 0 0 -10 493.000000 160.000000 527.000000 176.000000 -1 -1 -1 -1000 -1000 -1000 -10 2.638295
39 12 Pedestrian 0 0 -10 901.000000 141.000000 950.000000 212.000000 -1 -1 -1 -1000 -1000 -1000 -10 30.266498
39 5 Pedestrian 0 0 -10 915.000000 145.000000 967.000000 213.000000 -1 -1 -1 -1000 -1000 -1000 -10 31.992673
39 4 Car 0 0 -10 416.000000 153.000000 475.000000 204.000000 -1 -1 -1 -1000 -1000 -1000 -10 46.063624
39 3 Car 0 0 -10 445.000000 156.000000 489.000000 190.000000 -1 -1 -1 -1000 -1000 -1000 -10 10.420174
40 12 Pedestrian 0 0 -10 881.000000 145.000000 932.000000 214.000000 -1 -1 -1 -1000 -1000 -1000 -10 24.004430
40 5 Pedestrian 0 0 -10 897.000000 143.000000 946.000000 211.000000 -1 -1 -1 -1000 -1000 -1000 -10 25.297386
40 4 Car 0 0 -10 398.000000 150.000000 456.000000 205.000000 -1 -1 -1 -1000 -1000 -1000 -10 62.034575
40 3 Car 0 0 -10 424.000000 152.000000 471.000000 189.000000 -1 -1 -1 -1000 -1000 -1000 -10 11.474515
40 7 Car 0 0 -10 462.000000 157.000000 494.000000 173.000000 -1 -1 -1 -1000 -1000 -1000 -10 0.822761
40 13 Car 0 0 -10 439.000000 141.000000 462.000000 157.000000 -1 -1 -1 -1000 -1000 -1000 -10 0.034974
41 12 Pedestrian 0 0 -10 859.000000 145.000000 912.000000 217.000000 -1 -1 -1 -1000 -1000 -1000 -10 21.358624
41 5 Pedestrian 0 0 -10 877.000000 146.000000 929.000000 215.000000 -1 -1 -1 -1000 -1000 -1000 -10 31.884521
41 4 Car 0 0 -10 374.000000 151.000000 438.000000 208.000000 -1 -1 -1 -1000 -1000 -1000 -10 40.039609
41 3 Car 0 0 -10 403.000000 156.000000 454.000000 193.000000 -1 -1 -1 -1000 -1000 -1000 -10 9.958700
41 13 Car 0 0 -10 419.000000 141.000000 446.000000 158.000000 -1 -1 -1 -1000 -1000 -1000 -10 0.027846
42 12 Pedestrian 0 0 -10 838.000000 145.000000 889.000000 216.000000 -1 -1 -1 -1000 -1000 -1000 -10 27.325899
42 4 Car 0 0 -10 352.000000 154.000000 418.000000 213.000000 -1 -1 -1 -1000 -1000 -1000 -10 78.464553
42 5 Pedestrian 0 0 -10 853.000000 146.000000 905.000000 216.000000 -1 -1 -1 -1000 -1000 -1000 -10 48.965168
42 14 Car 0 0 -10 1123.000000 151.000000 1224.000000 221.000000 -1 -1 -1 -1000 -1000 -1000 -10 2.263130
42 3 Car 0 0 -10 381.000000 156.000000 429.000000 194.000000 -1 -1 -1 -1000 -1000 -1000 -10 20.441035
43 4 Car 0 0 -10 318.000000 155.000000 395.000000 220.000000 -1 -1 -1 -1000 -1000 -1000 -10 68.389336
43 12 Pedestrian 0 0 -10 813.000000 146.000000 862.000000 216.000000 -1 -1 -1 -1000 -1000 -1000 -10 23.468624
43 5 Pedestrian 0 0 -10 829.000000 149.000000 880.000000 219.000000 -1 -1 -1 -1000 -1000 -1000 -10 44.153875
43 14 Car 0 0 -10 1097.000000 158.000000 1224.000000 223.000000 -1 -1 -1 -1000 -1000 -1000 -10 2.813523
43 3 Car 0 0 -10 350.000000 158.000000 405.000000 199.000000 -1 -1 -1 -1000 -1000 -1000 -10 25.390252
44 4 Car 0 0 -10 285.000000 156.000000 368.000000 224.000000 -1 -1 -1 -1000 -1000 -1000 -10 69.018108
44 12 Pedestrian 0 0 -10 784.000000 149.000000 835.000000 221.000000 -1 -1 -1 -1000 -1000 -1000 -10 30.560647
44 5 Pedestrian 0 0 -10 802.000000 149.000000 854.000000 220.000000 -1 -1 -1 -1000 -1000 -1000 -10 41.559352
44 14 Car 0 0 -10 1067.000000 156.000000 1224.000000 225.000000 -1 -1 -1 -1000 -1000 -1000 -10 2.388867
44 3 Car 0 0 -10 314.000000 158.000000 373.000000 201.000000 -1 -1 -1 -1000 -1000 -1000 -10 15.287426
45 4 Car 0 0 -10 246.000000 157.000000 334.000000 230.000000 -1 -1 -1 -1000 -1000 -1000 -10 64.245794
45 12 Pedestrian 0 0 -10 759.000000 153.000000 805.000000 223.000000 -1 -1 -1 -1000 -1000 -1000 -10 38.282083
45 5 Pedestrian 0 0 -10 772.000000 151.000000 821.000000 221.000000 -1 -1 -1 -1000 -1000 -1000 -10 31.698240
45 14 Car 0 0 -10 1042.000000 155.000000 1224.000000 227.000000 -1 -1 -1 -1000 -1000 -1000 -10 2.974243
45 3 Car 0 0 -10 281.000000 159.000000 339.000000 203.000000 -1 -1 -1 -1000 -1000 -1000 -10 21.520534
46 4 Car 0 0 -10 196.000000 160.000000 302.000000 237.000000 -1 -1 -1 -1000 -1000 -1000 -10 83.522066
46 12 Pedestrian 0 0 -10 725.000000 152.000000 772.000000 223.000000 -1 -1 -1 -1000 -1000 -1000 -10 40.220672
46 5 Pedestrian 0 0 -10 741.000000 151.000000 787.000000 221.000000 -1 -1 -1 -1000 -1000 -1000 -10 31.827710
46 14 Car 0 0 -10 1006.000000 157.000000 1200.000000 228.000000 -1 -1 -1 -1000 -1000 -1000 -10 3.005593
46 3 Car 0 0 -10 234.000000 160.000000 300.000000 206.000000 -1 -1 -1 -1000 -1000 -1000 -10 20.981411
46 15 Car 0 0 -10 276.000000 166.000000 325.000000 184.000000 -1 -1 -1 -1000 -1000 -1000 -10 3.172252
47 4 Car 0 0 -10 149.000000 161.000000 259.000000 245.000000 -1 -1 -1 -1000 -1000 -1000 -10 87.437462
47 12 Pedestrian 0 0 -10 692.000000 152.000000 736.000000 224.000000 -1 -1 -1 -1000 -1000 -1000 -10 29.346570
47 5 Pedestrian 0 0 -10 705.000000 152.000000 753.000000 223.000000 -1 -1 -1 -1000 -1000 -1000 -10 43.961214
47 14 Car 0 0 -10 970.000000 162.000000 1156.000000 228.000000 -1 -1 -1 -1000 -1000 -1000 -10 3.004289
47 3 Car 0 0 -10 185.000000 163.000000 259.000000 212.000000 -1 -1 -1 -1000 -1000 -1000 -10 14.706242
47 15 Car 0 0 -10 236.000000 168.000000 287.000000 186.000000 -1 -1 -1 -1000 -1000 -1000 -10 3.172252
48 4 Car 0 0 -10 82.000000 164.000000 213.000000 255.000000 -1 -1 -1 -1000 -1000 -1000 -10 89.648828
48 12 Pedestrian 0 0 -10 655.000000 152.000000 699.000000 225.000000 -1 -1 -1 -1000 -1000 -1000 -10 25.922934
48 5 Pedestrian 0 0 -10 668.000000 154.000000 715.000000 225.000000 -1 -1 -1 -1000 -1000 -1000 -10 36.667226
48 14 Car 0 0 -10 933.000000 160.000000 1115.000000 227.000000 -1 -1 -1 -1000 -1000 -1000 -10 2.895723
48 3 Car 0 0 -10 129.000000 164.000000 209.000000 215.000000 -1 -1 -1 -1000 -1000 -1000 -10 11.458850
49 4 Car 0 0 -10 10.000000 163.000000 168.000000 263.000000 -1 -1 -1 -1000 -1000 -1000 -10 88.522978
49 12 Pedestrian 0 0 -10 614.000000 151.000000 662.000000 224.000000 -1 -1 -1 -1000 -1000 -1000 -10 42.608190
49 5 Pedestrian 0 0 -10 628.000000 153.000000 676.000000 224.000000 -1 -1 -1 -1000 -1000 -1000 -10 49.403144
49 14 Car 0 0 -10 897.000000 156.000000 1071.000000 227.000000 -1 -1 -1 -1000 -1000 -1000 -10 2.150394
49 3 Car 0 0 -10 65.000000 164.000000 152.000000 218.000000 -1 -1 -1 -1000 -1000 -1000 -10 12.656679
50 4 Car 0 0 -10 0.000000 162.000000 102.000000 274.000000 -1 -1 -1 -1000 -1000 -1000 -10 88.522978
50 12 Pedestrian 0 0 -10 568.000000 149.000000 619.000000 225.000000 -1 -1 -1 -1000 -1000 -1000 -10 49.860239
50 5 Pedestrian 0 0 -10 582.000000 149.000000 633.000000 224.000000 -1 -1 -1 -1000 -1000 -1000 -10 48.225520
50 14 Car 0 0 -10 857.000000 155.000000 1029.000000 224.000000 -1 -1 -1 -1000 -1000 -1000 -10 2.625269
50 3 Car 0 0 -10 0.000000 164.000000 89.000000 219.000000 -1 -1 -1 -1000 -1000 -1000 -10 13.106578
51 12 Pedestrian 0 0 -10 523.000000 148.000000 576.000000 226.000000 -1 -1 -1 -1000 -1000 -1000 -10 38.514988
51 5 Pedestrian 0 0 -10 541.000000 147.000000 590.000000 223.000000 -1 -1 -1 -1000 -1000 -1000 -10 29.235386
51 14 Car 0 0 -10 821.000000 150.000000 984.000000 221.000000 -1 -1 -1 -1000 -1000 -1000 -10 1.580557
52 12 Pedestrian 0 0 -10 480.000000 148.000000 530.000000 227.000000 -1 -1 -1 -1000 -1000 -1000 -10 42.236647
52 5 Pedestrian 0 0 -10 495.000000 147.000000 546.000000 224.000000 -1 -1 -1 -1000 -1000 -1000 -10 43.953814
52 14 Car 0 0 -10 784.000000 146.000000 948.000000 221.000000 -1 -1 -1 -1000 -1000 -1000 -10 1.215734
53 12 Pedestrian 0 0 -10 431.000000 144.000000 485.000000 225.000000 -1 -1 -1 -1000 -1000 -1000 -10 28.139983
53 5 Pedestrian 0 0 -10 450.000000 146.000000 501.000000 224.000000 -1 -1 -1 -1000 -1000 -1000 -10 48.813715
53 14 Car 0 0 -10 748.000000 148.000000 909.000000 219.000000 -1 -1 -1 -1000 -1000 -1000 -10 1.353437
54 12 Pedestrian 0 0 -10 379.000000 144.000000 436.000000 229.000000 -1 -1 -1 -1000 -1000 -1000 -10 34.690313
54 5 Pedestrian 0 0 -10 399.000000 145.000000 455.000000 226.000000 -1 -1 -1 -1000 -1000 -1000 -10 60.956120
54 14 Car 0 0 -10 712.000000 152.000000 866.000000 219.000000 -1 -1 -1 -1000 -1000 -1000 -10 2.073506
55 12 Pedestrian 0 0 -10 320.000000 145.000000 383.000000 233.000000 -1 -1 -1 -1000 -1000 -1000 -10 50.472661
55 5 Pedestrian 0 0 -10 344.000000 146.000000 403.000000 230.000000 -1 -1 -1 -1000 -1000 -1000 -10 46.908925
55 14 Car 0 0 -10 672.000000 152.000000 830.000000 221.000000 -1 -1 -1 -1000 -1000 -1000 -10 1.868576
55 16 Car 0 0 -10 1179.000000 164.000000 1224.000000 188.000000 -1 -1 -1 -1000 -1000 -1000 -10 6.471647
56 12 Pedestrian 0 0 -10 260.000000 144.000000 328.000000 236.000000 -1 -1 -1 -1000 -1000 -1000 -10 53.927633
56 5 Pedestrian 0 0 -10 285.000000 147.000000 348.000000 235.000000 -1 -1 -1 -1000 -1000 -1000 -10 45.877748
56 14 Car 0 0 -10 637.000000 150.000000 790.000000 223.000000 -1 -1 -1 -1000 -1000 -1000 -10 1.222228
56 16 Car 0 0 -10 1118.000000 166.000000 1168.000000 189.000000 -1 -1 -1 -1000 -1000 -1000 -10 5.196371
57 12 Pedestrian 0 0 -10 194.000000 145.000000 266.000000 239.000000 -1 -1 -1 -1000 -1000 -1000 -10 38.869181
57 5 Pedestrian 0 0 -10 219.000000 145.000000 289.000000 237.000000 -1 -1 -1 -1000 -1000 -1000 -10 59.710862
57 14 Car 0 0 -10 597.000000 150.000000 755.000000 227.000000 -1 -1 -1 -1000 -1000 -1000 -10 0.220673
57 16 Car 0 0 -10 1060.000000 168.000000 1112.000000 192.000000 -1 -1 -1 -1000 -1000 -1000 -10 7.482551
58 12 Pedestrian 0 0 -10 119.000000 142.000000 195.000000 243.000000 -1 -1 -1 -1000 -1000 -1000 -10 35.119090
58 5 Pedestrian 0 0 -10 149.000000 145.000000 224.000000 243.000000 -1 -1 -1 -1000 -1000 -1000 -10 63.850133
58 14 Car 0 0 -10 553.000000 151.000000 713.000000 232.000000 -1 -1 -1 -1000 -1000 -1000 -10 0.006099
58 16 Car 0 0 -10 1007.000000 172.000000 1044.000000 195.000000 -1 -1 -1 -1000 -1000 -1000 -10 0.281003
59 12 Pedestrian 0 0 -10 33.000000 143.000000 118.000000 253.000000 -1 -1 -1 -1000 -1000 -1000 -10 21.748331
59 5 Pedestrian 0 0 -10 68.000000 147.000000 147.000000 249.000000 -1 -1 -1 -1000 -1000 -1000 -10 45.482904
59 14 Car 0 0 -10 508.000000 154.000000 669.000000 234.000000 -1 -1 -1 -1000 -1000 -1000 -10 0.519863
59 16 Car 0 0 -10 956.000000 173.000000 1006.000000 196.000000 -1 -1 -1 -1000 -1000 -1000 -10 7.873152
60 5 Pedestrian 0 0 -10 0.000000 143.000000 59.000000 256.000000 -1 -1 -1 -1000 -1000 -1000 -10 52.019689
60 14 Car 0 0 -10 464.000000 153.000000 627.000000 236.000000 -1 -1 -1 -1000 -1000 -1000 -10 1.332655
60 17 Car 0 0 -10 1158.000000 179.000000 1224.000000 223.000000 -1 -1 -1 -1000 -1000 -1000 -10 5.275534
60 16 Car 0 0 -10 905.000000 173.000000 955.000000 196.000000 -1 -1 -1 -1000 -1000 -1000 -10 10.896798
61 19 Car 0 0 -10 1131.000000 186.000000 1224.000000 286.000000 -1 -1 -1 -1000 -1000 -1000 -10 64.519952
61 14 Car 0 0 -10 416.000000 150.000000 583.000000 237.000000 -1 -1 -1 -1000 -1000 -1000 -10 1.620604
61 18 Car 0 0 -10 1131.000000 181.000000 1224.000000 254.000000 -1 -1 -1 -1000 -1000 -1000 -10 0.774359
61 17 Car 0 0 -10 1097.000000 176.000000 1187.000000 218.000000 -1 -1 -1 -1000 -1000 -1000 -10 7.883419
61 16 Car 0 0 -10 859.000000 171.000000 900.000000 194.000000 -1 -1 -1 -1000 -1000 -1000 -10 10.826517
62 19 Car 0 0 -10 1087.000000 183.000000 1224.000000 284.000000 -1 -1 -1 -1000 -1000 -1000 -10 59.301245
62 14 Car 0 0 -10 360.000000 151.000000 547.000000 239.000000 -1 -1 -1 -1000 -1000 -1000 -10 1.305149
62 18 Car 0 0 -10 1083.000000 176.000000 1202.000000 247.000000 -1 -1 -1 -1000 -1000 -1000 -10 19.677716
62 17 Car 0 0 -10 1061.000000 174.000000 1113.000000 217.000000 -1 -1 -1 -1000 -1000 -1000 -10 11.346281
62 16 Car 0 0 -10 811.000000 169.000000 854.000000 193.000000 -1 -1 -1 -1000 -1000 -1000 -10 22.120017
63 19 Car 0 0 -10 1050.000000 184.000000 1198.000000 285.000000 -1 -1 -1 -1000 -1000 -1000 -10 87.906566
63 14 Car 0 0 -10 303.000000 149.000000 500.000000 244.000000 -1 -1 -1 -1000 -1000 -1000 -10 0.922832
63 18 Car 0 0 -10 1038.000000 177.000000 1146.000000 247.000000 -1 -1 -1 -1000 -1000 -1000 -10 32.873603
63 17 Car 0 0 -10 1010.000000 176.000000 1065.000000 216.000000 -1 -1 -1 -1000 -1000 -1000 -10 26.192907
63 16 Car 0 0 -10 766.000000 169.000000 809.000000 193.000000 -1 -1 -1 -1000 -1000 -1000 -10 16.512991
64 19 Car 0 0 -10 1006.000000 185.000000 1161.000000 286.000000 -1 -1 -1 -1000 -1000 -1000 -10 87.311262
64 14 Car 0 0 -10 237.000000 147.000000 451.000000 249.000000 -1 -1 -1 -1000 -1000 -1000 -10 0.922500
64 18 Car 0 0 -10 999.000000 179.000000 1106.000000 249.000000 -1 -1 -1 -1000 -1000 -1000 -10 43.917941
64 17 Car 0 0 -10 961.000000 175.000000 1030.000000 216.000000 -1 -1 -1 -1000 -1000 -1000 -10 24.829198
64 16 Car 0 0 -10 722.000000 170.000000 763.000000 195.000000 -1 -1 -1 -1000 -1000 -1000 -10 22.802064
65 19 Car 0 0 -10 971.000000 186.000000 1124.000000 288.000000 -1 -1 -1 -1000 -1000 -1000 -10 98.125952
65 14 Car 0 0 -10 168.000000 150.000000 402.000000 252.000000 -1 -1 -1 -1000 -1000 -1000 -10 1.426093
65 18 Car 0 0 -10 958.000000 178.000000 1065.000000 249.000000 -1 -1 -1 -1000 -1000 -1000 -10 39.043058
65 17 Car 0 0 -10 911.000000 176.000000 997.000000 217.000000 -1 -1 -1 -1000 -1000 -1000 -10 28.842002
65 16 Car 0 0 -10 680.000000 167.000000 720.000000 194.000000 -1 -1 -1 -1000 -1000 -1000 -10 27.236628
66 19 Car 0 0 -10 939.000000 184.000000 1095.000000 288.000000 -1 -1 -1 -1000 -1000 -1000 -10 87.583514
66 20 Pedestrian 0 0 -10 538.000000 165.000000 581.000000 249.000000 -1 -1 -1 -1000 -1000 -1000 -10 0.057253
66 14 Car 0 0 -10 87.000000 147.000000 349.000000 260.000000 -1 -1 -1 -1000 -1000 -1000 -10 1.640564
66 18 Car 0 0 -10 921.000000 177.000000 1028.000000 247.000000 -1 -1 -1 -1000 -1000 -1000 -10 53.470640
66 17 Car 0 0 -10 862.000000 175.000000 968.000000 213.000000 -1 -1 -1 -1000 -1000 -1000 -10 16.201457
66 22 Car 0 0 -10 882.000000 174.000000 917.000000 203.000000 -1 -1 -1 -1000 -1000 -1000 -10 0.082444
66 16 Car 0 0 -10 637.000000 168.000000 680.000000 195.000000 -1 -1 -1 -1000 -1000 -1000 -10 42.753808
66 23 Car 0 0 -10 876.000000 174.000000 907.000000 199.000000 -1 -1 -1 -1000 -1000 -1000 -10 0.310086
67 19 Car 0 0 -10 908.000000 181.000000 1069.000000 287.000000 -1 -1 -1 -1000 -1000 -1000 -10 88.636044
67 20 Pedestrian 0 0 -10 501.000000 168.000000 541.000000 252.000000 -1 -1 -1 -1000 -1000 -1000 -10 0.021847
67 14 Car 0 0 -10 0.000000 147.000000 295.000000 270.000000 -1 -1 -1 -1000 -1000 -1000 -10 1.620952
67 18 Car 0 0 -10 888.000000 173.000000 998.000000 245.000000 -1 -1 -1 -1000 -1000 -1000 -10 55.690013
67 17 Car 0 0 -10 830.000000 172.000000 931.000000 209.000000 -1 -1 -1 -1000 -1000 -1000 -10 31.099003
67 22 Car 0 0 -10 846.000000 171.000000 879.000000 200.000000 -1 -1 -1 -1000 -1000 -1000 -10 0.271700
67 16 Car 0 0 -10 598.000000 167.000000 639.000000 193.000000 -1 -1 -1 -1000 -1000 -1000 -10 35.117731
67 24 Car 0 0 -10 723.000000 171.000000 749.000000 186.000000 -1 -1 -1 -1000 -1000 -1000 -10 0.149353
68 19 Car 0 0 -10 881.000000 179.000000 1052.000000 286.000000 -1 -1 -1 -1000 -1000 -1000 -10 92.434191
68 20 Pedestrian 0 0 -10 462.000000 165.000000 507.000000 252.000000 -1 -1 -1 -1000 -1000 -1000 -10 0.015628
68 14 Car 0 0 -10 0.000000 142.000000 243.000000 281.000000 -1 -1 -1 -1000 -1000 -1000 -10 96.818113
68 18 Car 0 0 -10 860.000000 171.000000 971.000000 243.000000 -1 -1 -1 -1000 -1000 -1000 -10 69.715117
68 17 Car 0 0 -10 825.000000 167.000000 870.000000 207.000000 -1 -1 -1 -1000 -1000 -1000 -10 27.475131
68 22 Car 0 0 -10 814.000000 169.000000 847.000000 198.000000 -1 -1 -1 -1000 -1000 -1000 -10 0.271700
68 16 Car 0 0 -10 562.000000 162.000000 606.000000 191.000000 -1 -1 -1 -1000 -1000 -1000 -10 40.379925
69 19 Car 0 0 -10 862.000000 178.000000 1038.000000 289.000000 -1 -1 -1 -1000 -1000 -1000 -10 99.198965
69 20 Pedestrian 0 0 -10 425.000000 161.000000 476.000000 255.000000 -1 -1 -1 -1000 -1000 -1000 -10 0.207688
69 18 Car 0 0 -10 837.000000 169.000000 951.000000 243.000000 -1 -1 -1 -1000 -1000 -1000 -10 78.017003
69 17 Car 0 0 -10 803.000000 166.000000 848.000000 207.000000 -1 -1 -1 -1000 -1000 -1000 -10 40.589366
69 22 Car 0 0 -10 792.000000 165.000000 825.000000 195.000000 -1 -1 -1 -1000 -1000 -1000 -10 1.817057
69 16 Car 0 0 -10 528.000000 160.000000 574.000000 191.000000 -1 -1 -1 -1000 -1000 -1000 -10 48.697707
69 24 Car 0 0 -10 663.000000 165.000000 687.000000 180.000000 -1 -1 -1 -1000 -1000 -1000 -10 0.123308
70 19 Car 0 0 -10 847.000000 178.000000 1039.000000 294.000000 -1 -1 -1 -1000 -1000 -1000 -10 89.215455
70 20 Pedestrian 0 0 -10 391.000000 158.000000 447.000000 261.000000 -1 -1 -1 -1000 -1000 -1000 -10 0.023877
70 18 Car 0 0 -10 819.000000 168.000000 939.000000 245.000000 -1 -1 -1 -1000 -1000 -1000 -10 62.225294
70 17 Car 0 0 -10 782.000000 166.000000 827.000000 207.000000 -1 -1 -1 -1000 -1000 -1000 -10 44.856962
70 16 Car 0 0 -10 500.000000 160.000000 547.000000 190.000000 -1 -1 -1 -1000 -1000 -1000 -10 55.733737
70 24 Car 0 0 -10 639.000000 164.000000 662.000000 179.000000 -1 -1 -1 -1000 -1000 -1000 -10 0.109997
71 19 Car 0 0 -10 839.000000 177.000000 1045.000000 300.000000 -1 -1 -1 -1000 -1000 -1000 -10 101.744571
71 20 Pedestrian 0 0 -10 360.000000 161.000000 414.000000 267.000000 -1 -1 -1 -1000 -1000 -1000 -10 0.074832
71 18 Car 0 0 -10 805.000000 167.000000 927.000000 245.000000 -1 -1 -1 -1000 -1000 -1000 -10 84.771995
71 17 Car 0 0 -10 765.000000 164.000000 811.000000 205.000000 -1 -1 -1 -1000 -1000 -1000 -10 33.853924
71 16 Car 0 0 -10 472.000000 159.000000 522.000000 193.000000 -1 -1 -1 -1000 -1000 -1000 -10 45.898413
71 24 Car 0 0 -10 618.000000 163.000000 643.000000 179.000000 -1 -1 -1 -1000 -1000 -1000 -10 0.107741
72 19 Car 0 0 -10 831.000000 178.000000 1053.000000 310.000000 -1 -1 -1 -1000 -1000 -1000 -10 90.633425
72 18 Car 0 0 -10 792.000000 169.000000 921.000000 251.000000 -1 -1 -1 -1000 -1000 -1000 -10 86.018269
72 17 Car 0 0 -10 751.000000 165.000000 801.000000 208.000000 -1 -1 -1 -1000 -1000 -1000 -10 52.864786
72 16 Car 0 0 -10 444.000000 161.000000 499.000000 197.000000 -1 -1 -1 -1000 -1000 -1000 -10 60.295847
72 25 Car 0 0 -10 735.000000 166.000000 764.000000 192.000000 -1 -1 -1 -1000 -1000 -1000 -10 0.262493
73 19 Car 0 0 -10 825.000000 181.000000 1066.000000 325.000000 -1 -1 -1 -1000 -1000 -1000 -10 78.880191
73 18 Car 0 0 -10 786.000000 171.000000 919.000000 256.000000 -1 -1 -1 -1000 -1000 -1000 -10 72.770428
73 17 Car 0 0 -10 741.000000 167.000000 787.000000 211.000000 -1 -1 -1 -1000 -1000 -1000 -10 40.341936
73 16 Car 0 0 -10 418.000000 166.000000 477.000000 202.000000 -1 -1 -1 -1000 -1000 -1000 -10 72.600819
73 26 Car 0 0 -10 729.000000 169.000000 761.000000 199.000000 -1 -1 -1 -1000 -1000 -1000 -10 5.488519
73 25 Car 0 0 -10 722.000000 169.000000 751.000000 195.000000 -1 -1 -1 -1000 -1000 -1000 -10 1.417549
73 24 Car 0 0 -10 581.000000 169.000000 607.000000 186.000000 -1 -1 -1 -1000 -1000 -1000 -10 0.162100
74 19 Car 0 0 -10 825.000000 182.000000 1093.000000 340.000000 -1 -1 -1 -1000 -1000 -1000 -10 99.249077
74 18 Car 0 0 -10 779.000000 172.000000 921.000000 262.000000 -1 -1 -1 -1000 -1000 -1000 -10 98.065428
74 17 Car 0 0 -10 733.000000 171.000000 781.000000 215.000000 -1 -1 -1 -1000 -1000 -1000 -10 50.036183
74 28 Car 0 0 -10 723.000000 171.000000 774.000000 208.000000 -1 -1 -1 -1000 -1000 -1000 -10 2.448041
74 16 Car 0 0 -10 394.000000 166.000000 456.000000 204.000000 -1 -1 -1 -1000 -1000 -1000 -10 83.033606
74 26 Car 0 0 -10 714.000000 171.000000 755.000000 200.000000 -1 -1 -1 -1000 -1000 -1000 -10 1.152450
74 25 Car 0 0 -10 709.000000 171.000000 743.000000 198.000000 -1 -1 -1 -1000 -1000 -1000 -10 1.453266
74 27 Car 0 0 -10 699.000000 169.000000 726.000000 190.000000 -1 -1 -1 -1000 -1000 -1000 -10 0.839737
75 19 Car 0 0 -10 830.000000 183.000000 1131.000000 358.000000 -1 -1 -1 -1000 -1000 -1000 -10 82.674849
75 18 Car 0 0 -10 776.000000 173.000000 928.000000 267.000000 -1 -1 -1 -1000 -1000 -1000 -10 108.953494
75 17 Car 0 0 -10 726.000000 171.000000 776.000000 215.000000 -1 -1 -1 -1000 -1000 -1000 -10 44.699379
75 28 Car 0 0 -10 716.000000 169.000000 762.000000 206.000000 -1 -1 -1 -1000 -1000 -1000 -10 6.251400
75 16 Car 0 0 -10 371.000000 165.000000 437.000000 205.000000 -1 -1 -1 -1000 -1000 -1000 -10 79.748953
75 26 Car 0 0 -10 709.000000 171.000000 747.000000 200.000000 -1 -1 -1 -1000 -1000 -1000 -10 3.052165
75 25 Car 0 0 -10 703.000000 170.000000 736.000000 197.000000 -1 -1 -1 -1000 -1000 -1000 -10 1.990106
75 27 Car 0 0 -10 692.000000 168.000000 720.000000 190.000000 -1 -1 -1 -1000 -1000 -1000 -10 2.888695
75 24 Car 0 0 -10 555.000000 169.000000 585.000000 187.000000 -1 -1 -1 -1000 -1000 -1000 -10 0.080728
76 19 Car 0 0 -10 838.000000 185.000000 1171.000000 370.000000 -1 -1 -1 -1000 -1000 -1000 -10 102.966836
76 18 Car 0 0 -10 774.000000 174.000000 937.000000 272.000000 -1 -1 -1 -1000 -1000 -1000 -10 107.114057
76 17 Car 0 0 -10 719.000000 171.000000 771.000000 216.000000 -1 -1 -1 -1000 -1000 -1000 -10 27.083198
76 28 Car 0 0 -10 711.000000 169.000000 755.000000 207.000000 -1 -1 -1 -1000 -1000 -1000 -10 14.432292
76 16 Car 0 0 -10 347.000000 165.000000 418.000000 207.000000 -1 -1 -1 -1000 -1000 -1000 -10 86.307509
76 26 Car 0 0 -10 699.000000 170.000000 739.000000 201.000000 -1 -1 -1 -1000 -1000 -1000 -10 7.635812
76 25 Car 0 0 -10 693.000000 171.000000 728.000000 198.000000 -1 -1 -1 -1000 -1000 -1000 -10 2.656368
76 27 Car 0 0 -10 686.000000 168.000000 714.000000 190.000000 -1 -1 -1 -1000 -1000 -1000 -10 2.252105
76 24 Car 0 0 -10 544.000000 169.000000 573.000000 187.000000 -1 -1 -1 -1000 -1000 -1000 -10 1.689687
77 19 Car 0 0 -10 846.000000 186.000000 1224.000000 370.000000 -1 -1 -1 -1000 -1000 -1000 -10 92.480080
77 18 Car 0 0 -10 770.000000 174.000000 944.000000 278.000000 -1 -1 -1 -1000 -1000 -1000 -10 128.079404
77 17 Car 0 0 -10 713.000000 170.000000 765.000000 216.000000 -1 -1 -1 -1000 -1000 -1000 -10 12.766016
77 28 Car 0 0 -10 702.000000 169.000000 749.000000 208.000000 -1 -1 -1 -1000 -1000 -1000 -10 18.477091
77 16 Car 0 0 -10 321.000000 166.000000 399.000000 210.000000 -1 -1 -1 -1000 -1000 -1000 -10 80.216351
77 26 Car 0 0 -10 691.000000 171.000000 733.000000 202.000000 -1 -1 -1 -1000 -1000 -1000 -10 12.372284
77 25 Car 0 0 -10 687.000000 171.000000 722.000000 199.000000 -1 -1 -1 -1000 -1000 -1000 -10 0.657510
77 27 Car 0 0 -10 673.000000 169.000000 703.000000 191.000000 -1 -1 -1 -1000 -1000 -1000 -10 0.365475
77 24 Car 0 0 -10 530.000000 171.000000 562.000000 188.000000 -1 -1 -1 -1000 -1000 -1000 -10 0.344024
78 19 Car 0 0 -10 855.000000 186.000000 1224.000000 370.000000 -1 -1 -1 -1000 -1000 -1000 -10 90.597593
78 18 Car 0 0 -10 773.000000 175.000000 958.000000 287.000000 -1 -1 -1 -1000 -1000 -1000 -10 118.809406
78 17 Car 0 0 -10 708.000000 171.000000 762.000000 219.000000 -1 -1 -1 -1000 -1000 -1000 -10 37.486872
78 28 Car 0 0 -10 695.000000 170.000000 746.000000 210.000000 -1 -1 -1 -1000 -1000 -1000 -10 9.147161
78 16 Car 0 0 -10 297.000000 167.000000 378.000000 213.000000 -1 -1 -1 -1000 -1000 -1000 -10 81.374291
78 26 Car 0 0 -10 691.000000 172.000000 729.000000 203.000000 -1 -1 -1 -1000 -1000 -1000 -10 6.034381
78 25 Car 0 0 -10 683.000000 171.000000 720.000000 200.000000 -1 -1 -1 -1000 -1000 -1000 -10 3.136348
78 27 Car 0 0 -10 666.000000 169.000000 695.000000 192.000000 -1 -1 -1 -1000 -1000 -1000 -10 0.365475
78 24 Car 0 0 -10 518.000000 171.000000 551.000000 190.000000 -1 -1 -1 -1000 -1000 -1000 -10 6.966518
79 19 Car 0 0 -10 872.000000 187.000000 1224.000000 370.000000 -1 -1 -1 -1000 -1000 -1000 -10 90.597593
79 31 Pedestrian 0 0 -10 0.000000 184.000000 111.000000 370.000000 -1 -1 -1 -1000 -1000 -1000 -10 0.451095
79 18 Car 0 0 -10 775.000000 174.000000 983.000000 295.000000 -1 -1 -1 -1000 -1000 -1000 -10 128.302857
79 17 Car 0 0 -10 705.000000 171.000000 763.000000 220.000000 -1 -1 -1 -1000 -1000 -1000 -10 47.137565
79 28 Car 0 0 -10 694.000000 169.000000 742.000000 210.000000 -1 -1 -1 -1000 -1000 -1000 -10 12.437452
79 16 Car 0 0 -10 272.000000 167.000000 354.000000 217.000000 -1 -1 -1 -1000 -1000 -1000 -10 72.109633
79 26 Car 0 0 -10 685.000000 171.000000 726.000000 204.000000 -1 -1 -1 -1000 -1000 -1000 -10 7.709623
79 25 Car 0 0 -10 679.000000 171.000000 711.000000 199.000000 -1 -1 -1 -1000 -1000 -1000 -10 5.305933
79 27 Car 0 0 -10 664.000000 170.000000 694.000000 193.000000 -1 -1 -1 -1000 -1000 -1000 -10 0.470489
79 24 Car 0 0 -10 508.000000 170.000000 541.000000 190.000000 -1 -1 -1 -1000 -1000 -1000 -10 8.159562
80 19 Car 0 0 -10 896.000000 188.000000 1224.000000 370.000000 -1 -1 -1 -1000 -1000 -1000 -10 90.597593
80 18 Car 0 0 -10 780.000000 174.000000 1006.000000 303.000000 -1 -1 -1 -1000 -1000 -1000 -10 123.950886
80 17 Car 0 0 -10 705.000000 170.000000 762.000000 221.000000 -1 -1 -1 -1000 -1000 -1000 -10 44.192152
80 28 Car 0 0 -10 691.000000 168.000000 743.000000 211.000000 -1 -1 -1 -1000 -1000 -1000 -10 31.217374
80 16 Car 0 0 -10 253.000000 165.000000 328.000000 219.000000 -1 -1 -1 -1000 -1000 -1000 -10 75.113943
80 26 Car 0 0 -10 682.000000 171.000000 723.000000 204.000000 -1 -1 -1 -1000 -1000 -1000 -10 17.426883
80 25 Car 0 0 -10 675.000000 170.000000 708.000000 199.000000 -1 -1 -1 -1000 -1000 -1000 -10 0.277813
80 27 Car 0 0 -10 660.000000 169.000000 687.000000 191.000000 -1 -1 -1 -1000 -1000 -1000 -10 1.212458
80 24 Car 0 0 -10 499.000000 170.000000 533.000000 190.000000 -1 -1 -1 -1000 -1000 -1000 -10 7.236069
81 19 Car 0 0 -10 926.000000 190.000000 1224.000000 370.000000 -1 -1 -1 -1000 -1000 -1000 -10 90.597593
81 18 Car 0 0 -10 786.000000 172.000000 1039.000000 313.000000 -1 -1 -1 -1000 -1000 -1000 -10 133.982048
81 17 Car 0 0 -10 706.000000 169.000000 765.000000 221.000000 -1 -1 -1 -1000 -1000 -1000 -10 45.615955
81 28 Car 0 0 -10 687.000000 168.000000 742.000000 210.000000 -1 -1 -1 -1000 -1000 -1000 -10 35.851823
81 16 Car 0 0 -10 240.000000 164.000000 300.000000 220.000000 -1 -1 -1 -1000 -1000 -1000 -10 87.948411
81 26 Car 0 0 -10 679.000000 169.000000 724.000000 203.000000 -1 -1 -1 -1000 -1000 -1000 -10 2.674868
81 25 Car 0 0 -10 675.000000 168.000000 709.000000 198.000000 -1 -1 -1 -1000 -1000 -1000 -10 2.372972
81 27 Car 0 0 -10 661.000000 168.000000 686.000000 190.000000 -1 -1 -1 -1000 -1000 -1000 -10 7.444063
81 24 Car 0 0 -10 490.000000 170.000000 528.000000 190.000000 -1 -1 -1 -1000 -1000 -1000 -10 3.251543
82 19 Car 0 0 -10 968.000000 194.000000 1224.000000 370.000000 -1 -1 -1 -1000 -1000 -1000 -10 90.597593
82 18 Car 0 0 -10 794.000000 173.000000 1081.000000 326.000000 -1 -1 -1 -1000 -1000 -1000 -10 141.659310
82 17 Car 0 0 -10 704.000000 168.000000 767.000000 223.000000 -1 -1 -1 -1000 -1000 -1000 -10 38.461706
82 16 Car 0 0 -10 178.000000 163.000000 306.000000 224.000000 -1 -1 -1 -1000 -1000 -1000 -10 84.164858
82 28 Car 0 0 -10 689.000000 167.000000 744.000000 211.000000 -1 -1 -1 -1000 -1000 -1000 -10 27.779612
82 26 Car 0 0 -10 677.000000 169.000000 721.000000 203.000000 -1 -1 -1 -1000 -1000 -1000 -10 7.956352
82 27 Car 0 0 -10 658.000000 168.000000 685.000000 191.000000 -1 -1 -1 -1000 -1000 -1000 -10 6.220269
82 24 Car 0 0 -10 482.000000 170.000000 518.000000 190.000000 -1 -1 -1 -1000 -1000 -1000 -10 6.282933
83 19 Car 0 0 -10 1026.000000 200.000000 1224.000000 370.000000 -1 -1 -1 -1000 -1000 -1000 -10 90.597593
83 18 Car 0 0 -10 807.000000 173.000000 1131.000000 347.000000 -1 -1 -1 -1000 -1000 -1000 -10 133.913588
83 17 Car 0 0 -10 705.000000 168.000000 770.000000 226.000000 -1 -1 -1 -1000 -1000 -1000 -10 53.242661
83 16 Car 0 0 -10 129.000000 162.000000 290.000000 228.000000 -1 -1 -1 -1000 -1000 -1000 -10 90.296346
83 28 Car 0 0 -10 687.000000 166.000000 743.000000 213.000000 -1 -1 -1 -1000 -1000 -1000 -10 34.573622
83 26 Car 0 0 -10 675.000000 168.000000 720.000000 203.000000 -1 -1 -1 -1000 -1000 -1000 -10 13.567021
83 25 Car 0 0 -10 670.000000 169.000000 704.000000 200.000000 -1 -1 -1 -1000 -1000 -1000 -10 7.484183
83 27 Car 0 0 -10 655.000000 168.000000 682.000000 190.000000 -1 -1 -1 -1000 -1000 -1000 -10 4.938433
83 24 Car 0 0 -10 473.000000 169.000000 510.000000 191.000000 -1 -1 -1 -1000 -1000 -1000 -10 8.968679
84 18 Car 0 0 -10 818.000000 173.000000 1203.000000 370.000000 -1 -1 -1 -1000 -1000 -1000 -10 153.230508
84 17 Car 0 0 -10 707.000000 168.000000 774.000000 228.000000 -1 -1 -1 -1000 -1000 -1000 -10 33.420032
84 16 Car 0 0 -10 93.000000 163.000000 247.000000 235.000000 -1 -1 -1 -1000 -1000 -1000 -10 92.058574
84 28 Car 0 0 -10 688.000000 167.000000 746.000000 214.000000 -1 -1 -1 -1000 -1000 -1000 -10 39.604665
84 26 Car 0 0 -10 675.000000 168.000000 720.000000 204.000000 -1 -1 -1 -1000 -1000 -1000 -10 14.896283
84 25 Car 0 0 -10 670.000000 167.000000 705.000000 199.000000 -1 -1 -1 -1000 -1000 -1000 -10 18.018939
84 27 Car 0 0 -10 655.000000 167.000000 682.000000 191.000000 -1 -1 -1 -1000 -1000 -1000 -10 3.452502
84 24 Car 0 0 -10 462.000000 169.000000 502.000000 191.000000 -1 -1 -1 -1000 -1000 -1000 -10 12.629788
85 18 Car 0 0 -10 832.000000 169.000000 1224.000000 370.000000 -1 -1 -1 -1000 -1000 -1000 -10 118.090076
85 17 Car 0 0 -10 707.000000 167.000000 780.000000 229.000000 -1 -1 -1 -1000 -1000 -1000 -10 54.317762
85 16 Car 0 0 -10 45.000000 163.000000 218.000000 242.000000 -1 -1 -1 -1000 -1000 -1000 -10 126.805156
85 28 Car 0 0 -10 686.000000 166.000000 750.000000 215.000000 -1 -1 -1 -1000 -1000 -1000 -10 40.494181
85 26 Car 0 0 -10 674.000000 167.000000 722.000000 205.000000 -1 -1 -1 -1000 -1000 -1000 -10 15.705485
85 25 Car 0 0 -10 668.000000 167.000000 705.000000 199.000000 -1 -1 -1 -1000 -1000 -1000 -10 14.704302
85 27 Car 0 0 -10 655.000000 166.000000 683.000000 190.000000 -1 -1 -1 -1000 -1000 -1000 -10 5.460857
85 24 Car 0 0 -10 455.000000 168.000000 496.000000 191.000000 -1 -1 -1 -1000 -1000 -1000 -10 16.637037
86 18 Car 0 0 -10 853.000000 170.000000 1224.000000 370.000000 -1 -1 -1 -1000 -1000 -1000 -10 118.090076
86 17 Car 0 0 -10 711.000000 168.000000 787.000000 234.000000 -1 -1 -1 -1000 -1000 -1000 -10 40.727232
86 16 Car 0 0 -10 0.000000 166.000000 185.000000 252.000000 -1 -1 -1 -1000 -1000 -1000 -10 118.500079
86 28 Car 0 0 -10 689.000000 165.000000 754.000000 218.000000 -1 -1 -1 -1000 -1000 -1000 -10 46.972249
86 26 Car 0 0 -10 679.000000 168.000000 727.000000 207.000000 -1 -1 -1 -1000 -1000 -1000 -10 9.102282
86 25 Car 0 0 -10 671.000000 167.000000 707.000000 199.000000 -1 -1 -1 -1000 -1000 -1000 -10 6.835484
86 27 Car 0 0 -10 655.000000 167.000000 682.000000 192.000000 -1 -1 -1 -1000 -1000 -1000 -10 6.702657
86 24 Car 0 0 -10 448.000000 168.000000 491.000000 192.000000 -1 -1 -1 -1000 -1000 -1000 -10 22.109986
87 18 Car 0 0 -10 879.000000 171.000000 1224.000000 370.000000 -1 -1 -1 -1000 -1000 -1000 -10 118.090076
87 17 Car 0 0 -10 717.000000 167.000000 796.000000 236.000000 -1 -1 -1 -1000 -1000 -1000 -10 53.162031
87 16 Car 0 0 -10 0.000000 166.000000 151.000000 261.000000 -1 -1 -1 -1000 -1000 -1000 -10 82.906449
87 28 Car 0 0 -10 690.000000 166.000000 760.000000 220.000000 -1 -1 -1 -1000 -1000 -1000 -10 54.712856
87 26 Car 0 0 -10 679.000000 167.000000 728.000000 207.000000 -1 -1 -1 -1000 -1000 -1000 -10 9.377933
87 25 Car 0 0 -10 667.000000 167.000000 711.000000 201.000000 -1 -1 -1 -1000 -1000 -1000 -10 4.479035
87 27 Car 0 0 -10 653.000000 169.000000 683.000000 193.000000 -1 -1 -1 -1000 -1000 -1000 -10 4.493950
87 24 Car 0 0 -10 439.000000 170.000000 484.000000 195.000000 -1 -1 -1 -1000 -1000 -1000 -10 17.242528
88 18 Car 0 0 -10 913.000000 173.000000 1224.000000 370.000000 -1 -1 -1 -1000 -1000 -1000 -10 118.090076
88 17 Car 0 0 -10 722.000000 168.000000 807.000000 241.000000 -1 -1 -1 -1000 -1000 -1000 -10 56.278167
88 16 Car 0 0 -10 0.000000 166.000000 103.000000 274.000000 -1 -1 -1 -1000 -1000 -1000 -10 82.906449
88 28 Car 0 0 -10 693.000000 166.000000 767.000000 223.000000 -1 -1 -1 -1000 -1000 -1000 -10 62.621086
88 26 Car 0 0 -10 680.000000 168.000000 734.000000 209.000000 -1 -1 -1 -1000 -1000 -1000 -10 23.415062
88 25 Car 0 0 -10 669.000000 167.000000 714.000000 203.000000 -1 -1 -1 -1000 -1000 -1000 -10 11.723117
88 27 Car 0 0 -10 657.000000 169.000000 684.000000 193.000000 -1 -1 -1 -1000 -1000 -1000 -10 2.425638
88 24 Car 0 0 -10 431.000000 170.000000 478.000000 196.000000 -1 -1 -1 -1000 -1000 -1000 -10 39.791728
89 18 Car 0 0 -10 957.000000 171.000000 1224.000000 370.000000 -1 -1 -1 -1000 -1000 -1000 -10 118.090076
89 17 Car 0 0 -10 723.000000 168.000000 817.000000 246.000000 -1 -1 -1 -1000 -1000 -1000 -10 68.884286
89 28 Car 0 0 -10 697.000000 166.000000 773.000000 225.000000 -1 -1 -1 -1000 -1000 -1000 -10 55.827658
89 26 Car 0 0 -10 679.000000 169.000000 738.000000 211.000000 -1 -1 -1 -1000 -1000 -1000 -10 22.269441
89 25 Car 0 0 -10 670.000000 167.000000 714.000000 203.000000 -1 -1 -1 -1000 -1000 -1000 -10 12.978784
89 27 Car 0 0 -10 658.000000 169.000000 685.000000 194.000000 -1 -1 -1 -1000 -1000 -1000 -10 4.490279
89 24 Car 0 0 -10 423.000000 171.000000 473.000000 198.000000 -1 -1 -1 -1000 -1000 -1000 -10 39.427666
90 18 Car 0 0 -10 1018.000000 173.000000 1224.000000 370.000000 -1 -1 -1 -1000 -1000 -1000 -10 118.090076
90 17 Car 0 0 -10 731.000000 168.000000 831.000000 252.000000 -1 -1 -1 -1000 -1000 -1000 -10 76.333348
90 28 Car 0 0 -10 699.000000 168.000000 781.000000 228.000000 -1 -1 -1 -1000 -1000 -1000 -10 55.738278
90 26 Car 0 0 -10 684.000000 168.000000 740.000000 213.000000 -1 -1 -1 -1000 -1000 -1000 -10 30.004017
90 25 Car 0 0 -10 673.000000 168.000000 717.000000 205.000000 -1 -1 -1 -1000 -1000 -1000 -10 12.572915
90 24 Car 0 0 -10 410.000000 171.000000 465.000000 201.000000 -1 -1 -1 -1000 -1000 -1000 -10 52.606443
90 27 Car 0 0 -10 659.000000 169.000000 687.000000 195.000000 -1 -1 -1 -1000 -1000 -1000 -10 0.900949
91 17 Car 0 0 -10 736.000000 166.000000 845.000000 258.000000 -1 -1 -1 -1000 -1000 -1000 -10 76.857599
91 28 Car 0 0 -10 702.000000 167.000000 788.000000 231.000000 -1 -1 -1 -1000 -1000 -1000 -10 63.693430
91 26 Car 0 0 -10 687.000000 168.000000 745.000000 214.000000 -1 -1 -1 -1000 -1000 -1000 -10 33.185015
91 25 Car 0 0 -10 674.000000 168.000000 718.000000 207.000000 -1 -1 -1 -1000 -1000 -1000 -10 24.798341
91 24 Car 0 0 -10 400.000000 172.000000 457.000000 202.000000 -1 -1 -1 -1000 -1000 -1000 -10 52.756560
91 27 Car 0 0 -10 658.000000 169.000000 688.000000 196.000000 -1 -1 -1 -1000 -1000 -1000 -10 8.623314
92 17 Car 0 0 -10 742.000000 167.000000 864.000000 265.000000 -1 -1 -1 -1000 -1000 -1000 -10 95.717160
92 28 Car 0 0 -10 708.000000 167.000000 797.000000 236.000000 -1 -1 -1 -1000 -1000 -1000 -10 76.450382
92 26 Car 0 0 -10 689.000000 169.000000 748.000000 216.000000 -1 -1 -1 -1000 -1000 -1000 -10 44.612649
92 25 Car 0 0 -10 676.000000 169.000000 723.000000 207.000000 -1 -1 -1 -1000 -1000 -1000 -10 19.456059
92 24 Car 0 0 -10 388.000000 174.000000 448.000000 204.000000 -1 -1 -1 -1000 -1000 -1000 -10 51.226572
92 27 Car 0 0 -10 656.000000 168.000000 690.000000 196.000000 -1 -1 -1 -1000 -1000 -1000 -10 15.609096
93 17 Car 0 0 -10 750.000000 167.000000 882.000000 272.000000 -1 -1 -1 -1000 -1000 -1000 -10 89.180695
93 28 Car 0 0 -10 714.000000 167.000000 807.000000 239.000000 -1 -1 -1 -1000 -1000 -1000 -10 80.951191
93 26 Car 0 0 -10 689.000000 170.000000 755.000000 219.000000 -1 -1 -1 -1000 -1000 -1000 -10 40.161399
93 25 Car 0 0 -10 675.000000 168.000000 728.000000 209.000000 -1 -1 -1 -1000 -1000 -1000 -10 28.655294
93 24 Car 0 0 -10 375.000000 174.000000 438.000000 206.000000 -1 -1 -1 -1000 -1000 -1000 -10 60.740601
93 27 Car 0 0 -10 656.000000 168.000000 693.000000 196.000000 -1 -1 -1 -1000 -1000 -1000 -10 11.243043
94 17 Car 0 0 -10 762.000000 167.000000 908.000000 283.000000 -1 -1 -1 -1000 -1000 -1000 -10 87.199959
94 28 Car 0 0 -10 717.000000 167.000000 820.000000 242.000000 -1 -1 -1 -1000 -1000 -1000 -10 86.637529
94 26 Car 0 0 -10 694.000000 169.000000 761.000000 220.000000 -1 -1 -1 -1000 -1000 -1000 -10 41.642418
94 25 Car 0 0 -10 680.000000 167.000000 730.000000 211.000000 -1 -1 -1 -1000 -1000 -1000 -10 33.070116
94 24 Car 0 0 -10 362.000000 174.000000 429.000000 207.000000 -1 -1 -1 -1000 -1000 -1000 -10 68.850636
94 27 Car 0 0 -10 660.000000 168.000000 695.000000 196.000000 -1 -1 -1 -1000 -1000 -1000 -10 19.255568
95 17 Car 0 0 -10 773.000000 166.000000 936.000000 294.000000 -1 -1 -1 -1000 -1000 -1000 -10 84.426478
95 28 Car 0 0 -10 722.000000 167.000000 834.000000 248.000000 -1 -1 -1 -1000 -1000 -1000 -10 94.571408
95 26 Car 0 0 -10 694.000000 169.000000 767.000000 224.000000 -1 -1 -1 -1000 -1000 -1000 -10 60.052102
95 25 Car 0 0 -10 681.000000 167.000000 734.000000 211.000000 -1 -1 -1 -1000 -1000 -1000 -10 36.089641
95 24 Car 0 0 -10 346.000000 173.000000 416.000000 209.000000 -1 -1 -1 -1000 -1000 -1000 -10 57.576560
95 27 Car 0 0 -10 662.000000 167.000000 697.000000 196.000000 -1 -1 -1 -1000 -1000 -1000 -10 14.232576
96 17 Car 0 0 -10 784.000000 169.000000 977.000000 312.000000 -1 -1 -1 -1000 -1000 -1000 -10 94.234955
96 28 Car 0 0 -10 727.000000 167.000000 848.000000 255.000000 -1 -1 -1 -1000 -1000 -1000 -10 96.662444
96 26 Car 0 0 -10 700.000000 169.000000 776.000000 226.000000 -1 -1 -1 -1000 -1000 -1000 -10 59.778888
96 25 Car 0 0 -10 681.000000 168.000000 739.000000 215.000000 -1 -1 -1 -1000 -1000 -1000 -10 33.085313
96 24 Car 0 0 -10 328.000000 174.000000 404.000000 213.000000 -1 -1 -1 -1000 -1000 -1000 -10 67.059326
96 27 Car 0 0 -10 661.000000 170.000000 695.000000 200.000000 -1 -1 -1 -1000 -1000 -1000 -10 12.672008
97 17 Car 0 0 -10 803.000000 169.000000 1028.000000 334.000000 -1 -1 -1 -1000 -1000 -1000 -10 93.172912
97 28 Car 0 0 -10 734.000000 169.000000 866.000000 262.000000 -1 -1 -1 -1000 -1000 -1000 -10 105.227824
97 26 Car 0 0 -10 704.000000 171.000000 780.000000 230.000000 -1 -1 -1 -1000 -1000 -1000 -10 61.472353
97 25 Car 0 0 -10 685.000000 169.000000 743.000000 217.000000 -1 -1 -1 -1000 -1000 -1000 -10 45.474795
97 24 Car 0 0 -10 309.000000 175.000000 392.000000 215.000000 -1 -1 -1 -1000 -1000 -1000 -10 77.189516
97 36 Car 0 0 -10 677.000000 169.000000 719.000000 206.000000 -1 -1 -1 -1000 -1000 -1000 -10 0.020159
97 27 Car 0 0 -10 660.000000 171.000000 699.000000 200.000000 -1 -1 -1 -1000 -1000 -1000 -10 10.791345
98 17 Car 0 0 -10 823.000000 173.000000 1095.000000 361.000000 -1 -1 -1 -1000 -1000 -1000 -10 90.439514
98 28 Car 0 0 -10 744.000000 169.000000 890.000000 270.000000 -1 -1 -1 -1000 -1000 -1000 -10 116.809665
98 26 Car 0 0 -10 706.000000 170.000000 788.000000 233.000000 -1 -1 -1 -1000 -1000 -1000 -10 83.582613
98 25 Car 0 0 -10 686.000000 169.000000 749.000000 219.000000 -1 -1 -1 -1000 -1000 -1000 -10 56.456351
98 24 Car 0 0 -10 287.000000 175.000000 378.000000 218.000000 -1 -1 -1 -1000 -1000 -1000 -10 71.315171
98 27 Car 0 0 -10 663.000000 170.000000 703.000000 201.000000 -1 -1 -1 -1000 -1000 -1000 -10 15.177618
99 17 Car 0 0 -10 848.000000 171.000000 1186.000000 370.000000 -1 -1 -1 -1000 -1000 -1000 -10 89.557671
99 28 Car 0 0 -10 754.000000 168.000000 916.000000 279.000000 -1 -1 -1 -1000 -1000 -1000 -10 110.226382
99 26 Car 0 0 -10 712.000000 169.000000 799.000000 237.000000 -1 -1 -1 -1000 -1000 -1000 -10 79.035411
99 25 Car 0 0 -10 687.000000 169.000000 755.000000 221.000000 -1 -1 -1 -1000 -1000 -1000 -10 53.508228
99 24 Car 0 0 -10 264.000000 175.000000 362.000000 221.000000 -1 -1 -1 -1000 -1000 -1000 -10 75.106134
99 36 Car 0 0 -10 680.000000 169.000000 729.000000 206.000000 -1 -1 -1 -1000 -1000 -1000 -10 0.046189
99 27 Car 0 0 -10 663.000000 171.000000 704.000000 203.000000 -1 -1 -1 -1000 -1000 -1000 -10 20.481687
100 17 Car 0 0 -10 880.000000 175.000000 1224.000000 370.000000 -1 -1 -1 -1000 -1000 -1000 -10 79.443885
100 28 Car 0 0 -10 766.000000 169.000000 951.000000 292.000000 -1 -1 -1 -1000 -1000 -1000 -10 104.244831
100 26 Car 0 0 -10 715.000000 171.000000 811.000000 242.000000 -1 -1 -1 -1000 -1000 -1000 -10 94.420175
100 25 Car 0 0 -10 690.000000 169.000000 761.000000 224.000000 -1 -1 -1 -1000 -1000 -1000 -10 58.204768
100 24 Car 0 0 -10 237.000000 174.000000 342.000000 224.000000 -1 -1 -1 -1000 -1000 -1000 -10 80.495099
100 36 Car 0 0 -10 682.000000 169.000000 732.000000 210.000000 -1 -1 -1 -1000 -1000 -1000 -10 0.515123
100 27 Car 0 0 -10 667.000000 170.000000 707.000000 203.000000 -1 -1 -1 -1000 -1000 -1000 -10 19.052373
100 37 Car 0 0 -10 575.000000 169.000000 602.000000 185.000000 -1 -1 -1 -1000 -1000 -1000 -10 0.051924
101 17 Car 0 0 -10 921.000000 175.000000 1224.000000 370.000000 -1 -1 -1 -1000 -1000 -1000 -10 79.443885
101 28 Car 0 0 -10 782.000000 167.000000 998.000000 304.000000 -1 -1 -1 -1000 -1000 -1000 -10 120.670667
101 26 Car 0 0 -10 723.000000 169.000000 827.000000 246.000000 -1 -1 -1 -1000 -1000 -1000 -10 81.950596
101 25 Car 0 0 -10 695.000000 167.000000 768.000000 226.000000 -1 -1 -1 -1000 -1000 -1000 -10 54.934699
101 24 Car 0 0 -10 205.000000 174.000000 322.000000 227.000000 -1 -1 -1 -1000 -1000 -1000 -10 93.011659
101 36 Car 0 0 -10 686.000000 168.000000 737.000000 209.000000 -1 -1 -1 -1000 -1000 -1000 -10 0.096146
101 27 Car 0 0 -10 668.000000 167.000000 709.000000 203.000000 -1 -1 -1 -1000 -1000 -1000 -10 29.232445
101 37 Car 0 0 -10 571.000000 166.000000 595.000000 183.000000 -1 -1 -1 -1000 -1000 -1000 -10 1.889507
102 17 Car 0 0 -10 977.000000 176.000000 1224.000000 370.000000 -1 -1 -1 -1000 -1000 -1000 -10 79.443885
102 28 Car 0 0 -10 794.000000 166.000000 1053.000000 326.000000 -1 -1 -1 -1000 -1000 -1000 -10 135.200399
102 26 Car 0 0 -10 727.000000 167.000000 842.000000 252.000000 -1 -1 -1 -1000 -1000 -1000 -10 112.578279
102 25 Car 0 0 -10 695.000000 167.000000 776.000000 227.000000 -1 -1 -1 -1000 -1000 -1000 -10 66.177708
102 24 Car 0 0 -10 167.000000 173.000000 301.000000 231.000000 -1 -1 -1 -1000 -1000 -1000 -10 96.948058
102 36 Car 0 0 -10 689.000000 168.000000 740.000000 211.000000 -1 -1 -1 -1000 -1000 -1000 -10 19.670924
102 27 Car 0 0 -10 670.000000 168.000000 712.000000 203.000000 -1 -1 -1 -1000 -1000 -1000 -10 18.987409
102 40 Car 0 0 -10 669.000000 162.000000 703.000000 197.000000 -1 -1 -1 -1000 -1000 -1000 -10 0.104338
102 37 Car 0 0 -10 566.000000 165.000000 594.000000 183.000000 -1 -1 -1 -1000 -1000 -1000 -10 2.105931
103 17 Car 0 0 -10 1061.000000 179.000000 1224.000000 370.000000 -1 -1 -1 -1000 -1000 -1000 -10 79.443885
103 28 Car 0 0 -10 819.000000 165.000000 1138.000000 353.000000 -1 -1 -1 -1000 -1000 -1000 -10 126.958220
103 26 Car 0 0 -10 734.000000 169.000000 862.000000 258.000000 -1 -1 -1 -1000 -1000 -1000 -10 110.499520
103 25 Car 0 0 -10 700.000000 168.000000 783.000000 232.000000 -1 -1 -1 -1000 -1000 -1000 -10 72.667131
103 24 Car 0 0 -10 127.000000 175.000000 274.000000 238.000000 -1 -1 -1 -1000 -1000 -1000 -10 104.549119
103 36 Car 0 0 -10 690.000000 167.000000 746.000000 212.000000 -1 -1 -1 -1000 -1000 -1000 -10 26.090253
103 27 Car 0 0 -10 668.000000 169.000000 715.000000 205.000000 -1 -1 -1 -1000 -1000 -1000 -10 26.127917
103 37 Car 0 0 -10 563.000000 167.000000 587.000000 185.000000 -1 -1 -1 -1000 -1000 -1000 -10 12.808058
104 28 Car 0 0 -10 840.000000 168.000000 1224.000000 370.000000 -1 -1 -1 -1000 -1000 -1000 -10 106.237289
104 26 Car 0 0 -10 744.000000 173.000000 885.000000 269.000000 -1 -1 -1 -1000 -1000 -1000 -10 118.229036
104 25 Car 0 0 -10 705.000000 168.000000 795.000000 237.000000 -1 -1 -1 -1000 -1000 -1000 -10 80.509998
104 24 Car 0 0 -10 76.000000 177.000000 244.000000 246.000000 -1 -1 -1 -1000 -1000 -1000 -10 113.276096
104 36 Car 0 0 -10 692.000000 169.000000 751.000000 216.000000 -1 -1 -1 -1000 -1000 -1000 -10 33.248782
104 27 Car 0 0 -10 670.000000 170.000000 718.000000 208.000000 -1 -1 -1 -1000 -1000 -1000 -10 32.096027
104 37 Car 0 0 -10 559.000000 169.000000 587.000000 188.000000 -1 -1 -1 -1000 -1000 -1000 -10 1.208729
105 28 Car 0 0 -10 871.000000 170.000000 1224.000000 370.000000 -1 -1 -1 -1000 -1000 -1000 -10 106.237289
105 26 Car 0 0 -10 753.000000 175.000000 915.000000 282.000000 -1 -1 -1 -1000 -1000 -1000 -10 116.228982
105 25 Car 0 0 -10 710.000000 170.000000 806.000000 244.000000 -1 -1 -1 -1000 -1000 -1000 -10 87.136214
105 24 Car 0 0 -10 16.000000 179.000000 209.000000 255.000000 -1 -1 -1 -1000 -1000 -1000 -10 117.090918
105 42 Pedestrian 0 0 -10 839.000000 147.000000 870.000000 215.000000 -1 -1 -1 -1000 -1000 -1000 -10 0.280422
105 36 Car 0 0 -10 697.000000 171.000000 757.000000 220.000000 -1 -1 -1 -1000 -1000 -1000 -10 33.843042
105 27 Car 0 0 -10 672.000000 171.000000 723.000000 211.000000 -1 -1 -1 -1000 -1000 -1000 -10 36.726775
105 37 Car 0 0 -10 552.000000 169.000000 583.000000 189.000000 -1 -1 -1 -1000 -1000 -1000 -10 6.414010
